LAB|XAUUSD|5|first=1784498400000|from=1784678400000|last=1789160100000|nD=37|uIn=4
V01|159|48|1240.2|-1405.3|275.5|267.3|48432.5|0
V02|185|61|1133.4|-1428.3|319.9|326.7|43296.7|0
V03|193|77|1141.8|-1421.2|334.4|302.5|36910.3|0
V04|163|54|1136.6|-1380.1|282.5|284.7|46252.1|0
V05|145|39|1289.9|-1337.7|251.1|243.6|52064.9|0
V06|132|40|1057.2|-1144.2|228.7|214.2|33056.2|0
V07|168|48|1208.5|-1529.4|290.9|408.7|43559.8|0
V08|167|43|1149.8|-1568.9|289.9|465.2|64881.7|1
V09|101|35|762.8|-817.4|175.2|170.4|31569.5|0
V10|167|55|1472|-1480.1|289.1|222.5|51020.4|1
V11|179|59|1241.4|-1293.8|310|142.1|38495.5|0
V12|75|21|427.7|-609.8|130|185|13615|0
V13|159|51|1315.8|-1383.4|275.2|235.4|44580.3|0
V14|147|43|1062.8|-1341.3|254.9|325.3|54542.2|0
V15|160|48|1246.4|-1416|277.4|263.8|48141.5|0
V16|75|22|367.6|-598.3|130|230.7|11442.4|0
V17|252|84|1605.7|-1904.8|436.3|337.3|61418.5|1
V18|200|60|1509.6|-1632.6|345.8|295.5|58454|1
V19|328|122|1406.5|-2155.3|568.1|756.5|63449.8|1
V20|102|41|886.3|-756.1|177.1|124.2|29311.9|0
V21|88|26|864.6|-783.8|152.3|127.7|42609.5|0
V22|86|35|751.2|-656|149.4|108.2|25438|0
V23|134|50|1093.5|-1141.6|231.2|204.7|43626.3|0
V24|104|34|1232.1|-954.6|178.7|250.1|73208.9|0
V25|148|53|1262.7|-1323.1|254.8|269.4|46969.3|1
V26|510|254|1517.2|-2437.8|884.6|940.8|51282.3|1
V27|197|77|823.2|-1149.2|341.9|397.9|25928.6|1
V28|767|256|2293.3|-3706.3|1329.8|1430.4|106689.8|0
V29|588|151|2321.8|-3322.4|1016.8|1048.5|77779.6|0
V30|296|45|1502.3|-2086.5|514.1|665.3|126444|0
V31|59|19|153.7|-302.5|101.9|153.6|4341.6|0
V32|210|72|1022|-1438.3|363.5|428|35743.3|0
LAB|XAUUSD|5|first=1777845600000|from=1778025600000|last=1782345300000|nD=36|uIn=4
V01|150|47|1510.3|-1417.1|265.5|198.7|88809.1|0
V02|171|55|1413.8|-1451.4|303|267|67399.9|0
V03|190|79|1413.7|-1481.1|336.5|384.7|67828.2|0
V04|175|57|1427.1|-1595.7|310|342.7|75051.8|0
V05|132|37|1535.1|-1295.4|234.6|296.3|123833.5|0
V06|128|41|1305|-1229.2|227.1|215.9|79647.5|0
V07|176|54|1696.2|-1627.5|312.7|223.3|113513.2|0
V08|168|52|1592.5|-1643.8|298.5|412.3|107565|0
V09|97|31|943.7|-875.8|172|166.3|48964|0
V10|172|53|1687.4|-1705.8|305.3|213.1|75463.4|0
V11|182|57|1379.2|-1425.7|322.6|353.9|71554.2|0
V12|71|23|609.2|-606.6|126.2|129.1|21922.4|0
V13|153|47|1513.3|-1468.2|271|246.7|93901.5|0
V14|138|46|1412.7|-1228.6|244.3|139.8|86381.7|0
V15|150|47|1513.2|-1426.8|265.5|188.9|75498.6|0
V16|71|26|516.5|-534|126.3|192.5|16756.7|0
V17|263|83|1783.1|-2393.2|469|839.7|112694.7|1
V18|206|64|1728.1|-1949.5|366.6|544.6|118809.3|1
V19|326|122|1723|-2549.2|581|990.3|102500|1
V20|103|28|724.7|-1023.4|183.7|465.6|48424.9|1
V21|93|21|764.4|-989.8|165.6|405.1|77023|0
V22|82|21|558.2|-831.6|146.2|402.9|41212.6|1
V23|124|38|1138.1|-1326.7|220.2|411.8|73560.2|0
V24|87|23|1169.1|-1017|155|325.8|97821|0
V25|140|42|1282.5|-1472.7|248.6|322.1|77820|0
V26|463|218|1576.6|-2744|820.8|1225.1|93377|2
V27|161|63|865.4|-1153.5|284.2|345.6|33627.9|1
V28|736|237|2569.1|-4056.9|1306.2|1614.3|117683|0
V29|576|140|2520.8|-3723.4|1021.7|1316.3|115923.2|0
V30|308|44|1640.3|-2373.6|544.8|840.7|187666|0
V31|58|16|166.2|-311.4|103.6|176.1|4927.7|0
V32|201|69|1267|-1490.9|356.3|454.1|50315.5|0
LAB|XAUUSD|5|first=1770591600000|from=1770768000000|last=1775087700000|nD=36|uIn=6
V01|167|37|1690.4|-2728.5|330|1185.2|138021|0
V02|198|57|1989.4|-2588.9|391.7|750.5|112462.5|0
V03|192|74|2123.6|-2470.7|378.7|521.8|67417.1|0
V04|176|50|1784.4|-2672.9|348.4|994.5|115185.7|0
V05|151|36|2144.7|-2500.7|298.2|578.1|146297.5|0
V06|138|32|1360.6|-2202.1|273.5|1022|138957.1|0
V07|179|39|1709.2|-2890.8|354.2|1357.4|155649.8|0
V08|160|41|1916.2|-2482.4|316.4|727|184064.1|0
V09|105|26|1159.8|-1723.7|207|772.9|71356.6|0
V10|177|40|1954.2|-2936.1|349.8|1173|186620.2|0
V11|188|48|1676.2|-2445.2|372.7|849|112551|0
V12|72|18|788.7|-1072.7|142.5|447.6|49142.4|0
V13|171|38|1746.5|-2786|338|1186.6|138597.9|0
V14|160|34|1561.9|-2574.6|316.6|1176|138406.9|0
V15|169|38|1750.7|-2767.6|333.6|1163.9|117299.8|0
V16|72|22|760.5|-977.4|142.5|461.9|40058.2|0
V17|228|78|2604.7|-2828|452.2|649|135007.1|0
V18|174|48|2163.6|-2528|344.5|759.7|182895.5|0
V19|312|138|3065.2|-3025.6|616.2|331.7|109369.2|0
V20|110|39|1554.8|-1515.5|217|330.8|192093.7|0
V21|95|30|1939.8|-1407.9|187.5|216.2|323349.9|0
V22|88|31|1221|-1262.4|173.9|389.3|120251.1|0
V23|114|31|1619.2|-1760.3|226.8|470.6|166632.8|1
V24|90|20|1611.5|-1576.9|178.3|530|391759.5|1
V25|142|39|1984.1|-2177.9|282.5|711.9|227063.1|1
V26|442|213|2727|-3821.6|871.4|1203|128403.6|2
V27|171|68|1327.4|-1935.7|337.6|682|91368.2|2
V28|713|229|4264.9|-5584.9|1407.8|1356.9|215021.1|4
V29|549|134|3826.7|-5142.1|1083.1|1315.4|198513.5|4
V30|238|34|2519.5|-2737.5|465.8|581.3|417122.9|1
V31|53|13|222.8|-497.1|104.6|353.6|18212.8|0
V32|215|78|1968.2|-2271|425.6|382.1|59784.4|0
LAB|XAUUSD|5|first=1762729200000|from=1762905600000|last=1767830100000|nD=39|uIn=0
V01|173|55|1205.9|-1411.5|294.2|304.3|51813.6|0
V02|196|66|1131.8|-1429.7|333.4|352.9|46951.6|0
V03|214|86|1149.8|-1483.7|364|407.1|39322.1|0
V04|192|63|1113.6|-1524.1|326.5|458.7|53381.3|0
V05|150|38|1095.8|-1352.8|255|364.7|55897.6|0
V06|139|42|951.1|-1132|236.8|280.1|28544.7|0
V07|197|56|1244.3|-1637.5|334.5|539.3|79063.9|0
V08|181|57|1271|-1474.3|307.3|351.5|61976.3|0
V09|125|32|639.4|-1091.6|213|479.2|40046.8|0
V10|191|53|1195.2|-1699.2|324.3|592.8|55022.2|0
V11|214|59|1089.9|-1487.1|364.3|481|49640.1|0
V12|78|26|526.8|-533.3|133|141|15445.3|0
V13|172|54|1200.3|-1414.3|292.6|305|52170.9|0
V14|165|53|1154|-1327|280.6|292.8|52792.4|0
V15|174|56|1222|-1419.1|296.1|308.4|55657|0
V16|78|30|485.8|-498.9|133|100|11709.1|0
V17|274|93|1527.1|-1933.3|467.2|565.9|52121|0
V18|204|58|1273.4|-1683.6|348.6|539|55140.3|0
V19|380|145|1570.4|-2285.4|647|743.3|50904.9|0
V20|110|41|824.5|-750.6|187.2|249.8|23303.2|0
V21|92|25|778.3|-744.1|157|248|39831.7|0
V22|91|36|720.2|-606.1|155|174.7|19127|0
V23|132|48|1021.5|-1053.5|225.4|231.8|31061.5|0
V24|104|30|980.6|-986.9|177.3|214.3|30487.4|0
V25|145|55|1140.8|-1147.5|248.1|193.4|34092.5|0
V26|460|230|1334.6|-2129.8|783.6|817.7|50495|0
V27|198|88|920.1|-1035.5|337.5|254.9|38649.6|0
V28|755|260|2302.2|-3470.2|1284.2|1204.6|104522|0
V29|557|144|2137.4|-3034.1|945.5|1018.8|107922.2|0
V30|278|36|1323.5|-1879.4|474|578.5|68387.2|0
V31|69|19|183.2|-307.5|117|161.8|4000.1|0
V32|238|78|1008|-1529.4|404.7|576.4|36113.7|0
LAB|XAUUSD|5|first=1756072800000|from=1756252800000|last=1760572500000|nD=36|uIn=0
V01|154|56|899.9|-831.6|230.5|105|18069.5|0
V02|183|61|791.9|-906.2|274.4|177.6|17998.7|0
V03|192|87|802.8|-897.2|288.8|146.3|18067.7|0
V04|167|64|807.4|-887.3|250.5|173|15078.6|0
V05|137|42|848.4|-825.3|205.6|90.3|17753.6|0
V06|126|44|734.8|-690.8|188.3|132.5|16015.2|0
V07|154|54|871.1|-897.4|231.5|97.3|16840|0
V08|155|54|877.1|-918.6|233.3|97.3|20220.9|0
V09|102|33|536|-556.9|152.6|94.3|13049.7|0
V10|166|63|1074.6|-916.7|249.7|101|27813.5|0
V11|188|62|865.6|-868.6|281.8|169.7|20929.4|0
V12|72|22|331.3|-363.8|107.9|165.7|11600.5|0
V13|144|54|942.9|-783|216.3|87.2|21211.4|0
V14|149|55|873.8|-811.1|223.4|98.3|18047.6|0
V15|158|56|889.5|-873.7|236.7|111.9|18677.3|0
V16|72|25|261|-348.3|107.9|152.7|5754|0
V17|248|84|1073.8|-1231|371.1|359.9|30519.9|0
V18|204|57|976.2|-1159.3|305.2|304|37463.3|0
V19|330|134|1019.3|-1372.3|494.3|417.7|25240.8|0
V20|101|43|620.1|-494.6|151.7|46.2|12555.3|0
V21|81|25|591.9|-494.2|121.7|121.2|29723.2|0
V22|81|34|473.4|-393.7|121.1|90.1|13461.7|0
V23|137|43|690.1|-834|204.9|201.7|14497.3|0
V24|118|30|776.8|-797.1|176.7|148.6|20912.8|0
V25|150|54|899.7|-861.6|224.6|176.3|19131.4|0
V26|475|236|912.7|-1625.1|711.9|733.1|26684.3|0
V27|193|75|551.7|-807.6|289.8|334.8|14185.9|0
V28|703|220|1360.6|-2359.3|1047.7|1044.7|57219|0
V29|534|129|1220.8|-2028.3|796.7|822.8|46207.9|0
V30|307|41|917.2|-1405.1|458.8|556.9|47635.2|0
V31|54|20|148.6|-168.4|80.9|61.5|2528.1|0
V32|209|68|709.3|-924.7|313|293.9|19033.2|0
LAB|XAUUSD|5|first=1748815200000|from=1748995200000|last=1753314900000|nD=36|uIn=0
V01|150|43|486.9|-814.4|201|333.4|16213|0
V02|183|58|559.8|-770.8|245.2|227.5|14732.8|0
V03|186|78|565.7|-795.8|249.2|253.2|11364.9|0
V04|161|55|548.5|-807.5|215.8|286.4|13863.9|0
V05|128|29|432.9|-768.4|171.5|351.3|14466.9|0
V06|128|36|436.3|-698.2|171.5|266.7|13273.9|0
V07|178|50|579.3|-928.2|238.3|382.1|18032.4|0
V08|162|43|491|-883.1|217|397.4|17893|0
V09|89|23|252.2|-480.7|119.2|228.5|8540.8|0
V10|179|51|619.1|-969|239.9|349.9|22833.3|0
V11|173|55|507.2|-770.8|231.9|267.4|14601.7|0
V12|71|21|220|-316.5|95.1|108.1|4380.3|0
V13|151|43|490.4|-816.9|202.3|332.4|15398.1|0
V14|146|41|466.7|-774.3|195.7|313.5|17057.3|0
V15|153|46|532|-808.6|205.1|297.8|15760.9|0
V16|71|26|224.2|-288.8|95.2|89.8|3723.8|0
V17|280|101|877.1|-1166.6|374.7|354|18185.3|0
V18|223|64|702.3|-1091.7|298.5|397.6|24779.5|0
V19|351|150|864.1|-1208.1|470.3|373.8|13647.4|0
V20|100|44|448.1|-411.9|133.9|91.2|4745|0
V21|86|20|301.2|-483.2|115.2|181.9|7469|0
V22|83|36|366.9|-348.7|111.1|90.1|3819|0
V23|125|43|499.5|-628.9|167.4|220.5|17892.1|0
V24|105|24|495.3|-634.8|140.6|227.3|24419.1|0
V25|141|49|575.9|-719.6|188.8|202.1|17241.6|0
V26|474|238|643.5|-1277.8|635.3|643.8|18389.4|0
V27|182|76|361.6|-607.9|244.1|266.9|5920.8|0
V28|858|287|1158.9|-2512.3|1149.7|1370|67269.7|0
V29|691|179|1233.1|-2313.7|925.7|1080.6|53790.3|0
V30|359|52|967.9|-1483.4|480.8|528.1|38843.8|0
V31|40|14|51.8|-118.1|53.6|66.2|840.9|0
V32|210|80|600.9|-721|281.3|154|12429.4|0
LAB|XAUUSD|5|first=1742162400000|from=1742342400000|last=1746662100000|nD=35|uIn=9
V01|163|54|1078.6|-1028|208|170.8|43750.1|1
V02|180|60|1020.8|-1020.8|229.1|221.3|29176.5|1
V03|202|82|945.9|-1142.3|258.2|208|18322.3|1
V04|184|66|1082.8|-1107.6|234.7|179.7|24864.2|1
V05|148|44|1158.3|-964.4|188.1|159.7|62039.6|1
V06|130|44|897.1|-799.1|166.1|124.2|34253|1
V07|179|54|1086.8|-1176.4|228.3|239.9|47101|2
V08|179|56|1203.5|-1168|228.3|184.8|46088.6|1
V09|99|26|536.4|-665.6|126.5|153.7|17295.5|1
V10|176|59|1178|-1144|224.5|286.3|53104.7|1
V11|199|65|1030.8|-1030.8|253.3|168.2|34105.7|1
V12|69|26|502.5|-385.4|88|92.4|14876.6|1
V13|165|53|1080.7|-1055.8|210.5|171.9|43792.9|1
V14|153|49|973.8|-948.6|195|147.5|44422.3|1
V15|163|51|1024.2|-1080.6|208.1|223.9|37936.3|1
V16|69|26|396.6|-385.4|88|112.3|9806.6|0
V17|258|87|1234.1|-1475|328.6|279|32058.1|1
V18|191|58|1027.2|-1211.3|242.7|224|34376.4|1
V19|327|126|1179.7|-1591.3|416.5|425.1|31722.9|2
V20|83|34|517.6|-525|106.2|106.3|12512|1
V21|77|26|606.9|-537|98.6|161|26292.9|1
V22|67|26|379.7|-436.6|85.6|127.6|10527|2
V23|105|40|708.4|-654.6|134.2|172.5|20998.3|0
V24|94|25|615.5|-717.3|120|294|31339.7|0
V25|135|52|933.1|-857.7|172.6|169.9|23382.5|0
V26|491|233|1124.1|-1880.7|626.5|827.6|36136.8|5
V27|208|83|634.3|-912.2|265.2|304|19890.6|3
V28|730|245|1758.6|-2804|930.2|1049.3|73017.2|6
V29|608|167|1923.3|-2617.7|774.1|708.6|69096.3|3
V30|352|49|1268.8|-1926.4|449.1|663.6|54473.9|1
V31|46|16|145.5|-157.5|58.6|47.8|2131.6|0
V32|207|72|911.4|-1065.1|264.2|207.4|16794.9|1
LAB|XAUUSD|5|first=1734303600000|from=1734480000000|last=1739404500000|nD=39|uIn=0
V01|160|47|413.2|-589.8|174.1|270.8|9428.4|0
V02|194|54|383.6|-634.6|210.6|340.8|11225.5|0
V03|187|74|367.2|-587|203.6|252.7|7420.1|0
V04|169|54|375.1|-603.2|183.8|288.9|9137.4|0
V05|144|33|372.7|-590.7|156.4|284.4|10997.4|0
V06|139|40|329.2|-499.3|151.1|223.8|6777.3|0
V07|162|52|491|-579.5|176.5|165.5|9811.6|0
V08|161|44|394.1|-626.9|175.4|286.7|10020.2|0
V09|109|27|198.6|-405.1|118.5|230.6|4843.7|0
V10|180|61|523.5|-654|196.1|259.8|8861.4|0
V11|194|48|322.8|-655.4|211.2|355.8|8439.9|0
V12|77|26|183.4|-213.8|83.7|108|3170.6|0
V13|160|46|401.3|-596.8|174.1|269.7|9729|0
V14|153|45|401.1|-548.3|166.5|247|8823.5|0
V15|161|47|421.1|-589.4|174.9|275.5|9739.8|0
V16|77|31|167.1|-197.2|83.7|96.8|2571.2|0
V17|271|80|489.5|-880.6|293.9|407.4|10250.1|0
V18|226|60|465.4|-802.2|245.7|356.5|8812.7|0
V19|345|130|495.9|-888.6|375.4|413.4|8511.8|0
V20|107|36|212.5|-355.3|116.2|142.8|3124.4|0
V21|99|23|250.4|-370.2|107.6|129.3|4487.6|0
V22|86|26|160.1|-299.1|93.1|139.1|2728.4|0
V23|124|41|312.2|-475.7|135.4|231.5|6624.9|0
V24|109|30|391.9|-455.5|118.7|159.2|8165.7|0
V25|142|47|357.5|-537.1|155.3|233.9|8654.2|0
V26|507|252|444.2|-996.4|551.3|562.8|11659.4|0
V27|207|78|227.3|-509.4|225.7|291.7|4545.4|0
V28|787|237|677.1|-1754.4|855.5|1078.5|34401.8|0
V29|647|134|682.9|-1662.1|703.6|981.5|32950.1|0
V30|334|41|599.3|-997.2|365.9|413.2|20268.9|0
V31|68|22|44.5|-168.4|73.9|123.9|991|0
V32|224|64|305.3|-671.9|243.4|387.3|8323|0
LAB|XAUUSD|5|first=1728252000000|from=1728432000000|last=1732751700000|nD=36|uIn=0
V01|169|50|492.2|-663|180.6|195.2|7051.8|0
V02|203|63|480.3|-701.5|217.2|252.4|8108.2|0
V03|199|75|427|-699.5|212.5|301.4|8754|0
V04|179|57|457.4|-678.7|191.1|229.6|7018.5|0
V05|155|39|505.9|-651.2|165.5|167.1|6586.8|0
V06|137|44|458.7|-520.6|146.3|136.2|7490.3|0
V07|178|51|493.1|-684.3|190.6|218.9|9234.4|0
V08|164|49|508.1|-637.6|175.4|139.6|9801.8|0
V09|110|35|347.3|-402.6|117.6|96.3|6250.2|0
V10|181|54|597.4|-720.9|193.7|168.9|9222.4|0
V11|198|62|490.4|-670.6|211.6|228|8105.7|0
V12|71|27|165.5|-194.6|76.1|67.1|1417.5|0
V13|165|51|504.7|-639.6|176.3|159.2|7223.8|0
V14|158|49|484.6|-586|168.9|140.5|7176|0
V15|169|47|469.4|-680|180.5|234.9|8606.3|0
V16|71|27|133.1|-194.6|76.1|82.8|1169.1|0
V17|232|83|560.9|-739.4|248.3|201.1|8710.7|0
V18|193|51|464.8|-715.8|206.5|300.9|11479.3|0
V19|298|117|516.1|-794.8|319|288.8|8712.3|0
V20|96|35|260.3|-329.2|102.9|99.6|6021.2|0
V21|85|26|280.2|-321.4|90.9|71.1|6993.1|0
V22|81|30|243.1|-273.9|86.8|87.7|4998.6|0
V23|118|38|324.5|-494.8|126.6|170.3|6686.2|0
V24|86|26|339.7|-387.2|92.1|127.8|9706.3|0
V25|144|44|401.5|-623.6|154.2|228.6|10845.6|0
V26|465|221|449.1|-1052.2|498.1|614.2|17228.9|0
V27|186|76|283.2|-470|199.6|220|5645.3|0
V28|707|239|780.8|-1535.9|758.6|755.2|23281.4|0
V29|553|138|800.4|-1390.6|593.8|599.6|21409.2|0
V30|314|49|675.1|-944.9|336.6|344.3|18044.8|0
V31|54|15|39.4|-120.9|58|81.8|573.9|0
V32|227|77|428.6|-696.8|242.7|307.6|7296.8|0
LAB|XAUUSD|5|first=1720994400000|from=1721174400000|last=1725494100000|nD=36|uIn=0
V01|146|41|357.4|-571.6|143.5|221.3|5379|0
V02|177|58|409.1|-593.1|173.7|194.4|8841.6|0
V03|191|79|424.4|-607.5|187.6|195.9|8861.6|0
V04|169|59|445.1|-605.7|165.9|205.5|6094|0
V05|126|33|376.2|-522.3|124|166.9|8870.5|0
V06|139|40|339.5|-531.4|136.6|205.5|6012.4|0
V07|155|43|367.9|-610.7|152.3|265.9|8314.5|0
V08|146|42|382.6|-599.2|143.3|226.1|8349.7|0
V09|101|33|276.1|-368|99.1|134.8|4463.7|0
V10|165|47|424.7|-666.1|162.2|288.6|8445.4|0
V11|170|54|418.7|-555|167.1|179.6|10425|0
V12|72|21|150.9|-214.3|70.7|90|2238|0
V13|149|43|368.2|-583.1|146.4|221.9|5777.1|0
V14|134|39|323|-515.9|131.7|217.5|5757.9|0
V15|146|45|389.7|-558.4|143.6|209.8|5610.6|0
V16|72|25|142.3|-194.1|70.7|88.8|1593.6|0
V17|225|69|485.5|-789.9|221|330.7|12756.7|0
V18|183|58|476.9|-636.4|180|199.1|12305.7|0
V19|342|128|495.8|-946.3|335.9|466.5|13388.2|0
V20|92|35|272.6|-270|90|60.6|4199.4|0
V21|75|25|301.4|-241.1|73.5|72.4|5859.3|0
V22|76|29|230.3|-226.5|74.4|48.2|2338|0
V23|105|33|289.5|-446.6|102.8|164.6|8324.4|0
V24|85|20|284.9|-418.8|83.2|169.4|9284.7|0
V25|121|37|322.2|-518.9|118.6|200.4|8873.9|0
V26|457|233|509.5|-884.1|448.4|379.7|7902.2|0
V27|178|75|316.4|-444|174.6|143.9|2415.5|0
V28|683|229|809.1|-1384.9|670.6|581.8|15384.8|0
V29|536|127|771.2|-1287.7|526.5|522|17957.8|0
V30|277|37|557.2|-831.9|272|348.4|18266.7|0
V31|63|24|63.9|-114.1|61.9|74.4|643.5|0
V32|210|75|405.3|-615.5|206.2|237.6|8252.4|0
LAB|XAUUSD|5|first=1713736800000|from=1713916800000|last=1718236500000|nD=36|uIn=0
V01|158|46|442.2|-584.1|148.2|167.7|10542.7|0
V02|195|59|409.8|-634.5|182.9|224.7|6744.8|0
V03|195|78|420.9|-601.5|182.9|189.2|7050.2|0
V04|167|52|409.8|-597.6|156.7|196.5|10051.2|0
V05|128|27|345|-541.2|119.9|217.5|9697.9|0
V06|124|40|406.4|-456.1|116.3|115.8|9636.2|0
V07|174|47|445.2|-661.3|163.2|216.1|12858.9|0
V08|141|45|457|-556|132.3|160.8|13323|0
V09|96|29|222.4|-354|90.1|134.2|4934.8|0
V10|166|48|462.6|-655.8|155.7|197|14242.1|0
V11|180|55|407.5|-581.5|168.9|185.3|10403.2|0
V12|71|18|132.5|-192.7|66.6|72.7|2202.8|0
V13|161|44|428.3|-611|151|200.3|10837.7|0
V14|156|47|446|-551|146.4|137.1|9759|0
V15|162|48|453.6|-593.3|152|158.3|10813.6|0
V16|71|24|128.4|-171.6|66.6|65|1802.2|0
V17|224|80|537.1|-677.9|210.3|179.7|12848|0
V18|171|49|402.9|-616.7|160.5|226.5|11229.8|0
V19|344|134|541.7|-871.8|322.2|347.7|13592.8|0
V20|99|39|272.1|-288.7|92.7|51.5|3560.4|0
V21|81|29|311.2|-255.4|76|58.4|6174.6|0
V22|86|33|225.2|-255.6|80.5|78.3|2837.5|0
V23|109|36|292.4|-407|102.1|173.9|8246.6|0
V24|95|24|316.4|-395.4|89|159.9|11891.4|0
V25|126|47|396.8|-446.7|118|92.5|11258.2|0
V26|424|210|426.6|-799|397.1|378|8452|0
V27|165|65|230.3|-388.8|154.8|196.7|4054|0
V28|687|222|702.9|-1375.7|643.9|685.4|18930.1|0
V29|514|127|693.2|-1191.3|481.9|499.5|17790.2|0
V30|259|33|488.4|-767.9|242.9|309.7|20951.6|0
V31|52|13|39|-116.5|48.9|78.4|472|0
V32|215|73|401.2|-614.5|201.5|236.3|7893.4|0
LAB|XAUUSD|5|first=1706482800000|from=1706659200000|last=1711400100000|nD=38|uIn=0
V01|140|42|212.5|-359.6|116.3|173.6|2828.1|0
V02|188|53|210.5|-424.6|156.5|236.3|3350.3|0
V03|204|80|240.1|-414.9|169.7|188.9|3251.3|0
V04|159|54|210.8|-375.1|132|177.9|2205.5|0
V05|121|32|208.9|-335.6|100.6|143.6|2458.2|0
V06|131|35|179.7|-328.7|108.7|169.7|2504.5|0
V07|154|44|232.2|-383.5|128|166.4|4838.6|0
V08|151|42|221.2|-387.8|125.6|187.4|3225.9|0
V09|96|25|110.1|-249.6|79.8|149.7|2025.5|0
V10|144|45|247|-387.4|119.9|169.4|3482.3|0
V11|179|54|189.8|-382|148.4|211.2|3389.7|0
V12|78|16|46.5|-168.1|64.9|133.2|1111.9|0
V13|143|43|222.5|-367.8|118.8|179.9|3134.6|0
V14|139|43|204.9|-339.9|115.6|160.7|2571.7|0
V15|143|43|225|-364.1|118.8|179.2|3340.6|0
V16|78|19|49|-157.9|64.9|118.7|920.7|0
V17|230|83|329.1|-467.3|191.1|170.8|3048.6|0
V18|181|53|256.5|-409.6|150.4|170|4210.8|0
V19|330|138|297.8|-545.7|274.4|258.2|3774.2|0
V20|99|29|130.6|-228.1|82.5|98.7|2160.9|0
V21|80|20|136|-198.2|66.3|64.5|2210.5|0
V22|85|25|122.8|-183.7|70.8|82.2|1793.4|0
V23|118|40|201.3|-307.6|98.5|148.5|3399.9|0
V24|91|21|161.7|-291.8|76.1|135.3|3245.5|0
V25|129|42|219.5|-336.4|107.6|154.9|3918.3|0
V26|460|205|237.7|-632.6|382.7|395|6464.5|0
V27|191|71|131.2|-325|158.4|194|2240.1|0
V28|723|243|410.8|-1016.4|600.9|606|11820.4|0
V29|526|143|468.5|-859.4|438.2|393.4|7945.1|0
V30|282|45|385.1|-576.7|234.5|212.1|5813.2|0
V31|53|20|38.2|-66.2|44.4|34.7|167.4|0
V32|224|75|208.7|-421.4|186.5|226.4|2591.9|0
