LAB|CRUDEOIL1!|5|first=1782099000000|from=1782345600000|last=1789149300000|nD=57|uIn=4
V01|184|53|5785.5|-6505|571.6|1359.5|856589.6|0
V02|198|63|4289.4|-5429.2|614.1|1633|804361.5|0
V03|209|83|6248.2|-6353.1|653|1169.9|1020823.8|0
V04|195|64|6101.6|-6613.1|608.4|1250.3|953164.7|0
V05|169|38|5147|-6494.4|526.2|1769.5|1166319.4|0
V06|144|41|4547.6|-5345.1|448.5|1243.3|747259|0
V07|211|57|6440.3|-7654.5|655.8|1469|838275.2|1
V08|206|55|6312.6|-7481.5|639.8|1531.7|1091577.4|0
V09|113|36|3689.8|-4215.5|352.7|1011.3|720364.6|0
V10|213|65|7463.9|-7355.7|663.2|1139.1|1029629.9|0
V11|196|62|5734.2|-5653.9|610.9|865.5|764229.3|0
V12|110|29|2661.2|-3439.3|342.5|1035.9|456026.3|0
V13|186|55|6046.5|-6634.6|578.1|1249.1|849169.5|1
V14|174|49|5357.4|-6141.6|540.2|1251.8|800488.1|0
V15|188|57|6221.3|-6479.5|586.1|1232|890691.5|0
V16|111|34|2530.3|-3153.3|346.4|1006.8|422101.5|0
V17|254|97|8810.3|-7099.1|786.7|1368.7|1496186.4|1
V18|207|68|7662.6|-6419.5|638.2|1500.9|1485648.2|1
V19|314|127|6736.3|-7042.6|980.7|1301.3|904512.8|1
V20|79|26|2769.6|-2761|243.7|1056|388944.3|1
V21|72|20|3060.1|-2733.1|221.7|785.7|511159.6|1
V22|67|23|2583.4|-2130.1|207.2|408.1|365142.6|2
V23|119|51|5499.3|-3853.6|371.1|687.2|1173724.3|2
V24|105|35|5531.8|-4179.3|325.5|768.1|1493475.6|2
V25|158|60|6102.4|-5359.1|492.6|927.4|1262935.8|2
V26|438|189|6070.3|-9743.8|1371.3|3788.3|694685.6|0
V27|166|62|3244.3|-4112.9|516.3|1005.2|461673|0
V28|696|236|11015.1|-13050.8|2170.4|2579.1|1400268.8|1
V29|614|149|10620.6|-13693|1915.3|3629.8|3105852.5|0
V30|442|72|10155.6|-11418|1384.4|2337.2|2314585.7|1
V31|56|21|1114.9|-1156.5|172.5|462.5|236895.9|1
V32|219|80|4596.1|-5108|683.6|1202.6|630253.3|0
LAB|CRUDEOIL1!|5|first=1774841400000|from=1775088000000|last=1782323700000|nD=59|uIn=7
V01|190|69|10929.4|-9405.1|680.8|1453.2|2544385.7|3
V02|212|80|8805|-8235.3|755.2|1294.3|1440489.7|3
V03|221|95|9709.4|-9844.5|786.9|1721|2254194.6|3
V04|207|79|10457.6|-9837.4|739.5|1656.1|2246338.5|3
V05|178|53|10313.6|-9689.2|639.5|1474.8|2893156|2
V06|163|67|10215.5|-7737.5|583.1|790.5|2449827.2|2
V07|214|73|11640.2|-11264.2|767.6|1640.8|2776278|2
V08|209|75|11993.6|-10725.3|746.9|1253.8|3426058.5|3
V09|117|45|7485.7|-5543.1|416.1|1029|1767289.5|1
V10|230|81|13403.9|-11696.6|824|1794.5|4331929.1|3
V11|214|71|9588.6|-8839.3|758.9|1166|2200265.9|3
V12|116|36|4467.3|-4994.8|413.4|1733.1|1163011.3|2
V13|187|70|11250.8|-9344.5|668.9|1511.2|2624307.9|3
V14|192|69|10788|-9234.7|688.2|1446.4|2662157|2
V15|189|71|11258.3|-9400.7|677|889.5|2497136.7|3
V16|116|41|4154.2|-4565.1|413.3|1255|811526.3|2
V17|262|95|11931.6|-11965.5|936.2|2605.4|2723196.8|1
V18|221|78|12349.6|-10514.5|791.5|1397|3311204.8|1
V19|316|135|9970.8|-10633.3|1134.3|2167.2|1200311.5|1
V20|99|43|6030.5|-4818|349.3|1952.6|1949385.6|0
V21|88|31|6370.2|-5154.8|312.4|2105.9|2592238.6|0
V22|73|32|4825.9|-3421.6|259.4|1051.9|1533509.2|0
V23|123|48|6696.6|-6755.5|432.2|1766.3|2553477.1|1
V24|116|36|7193.4|-7163.9|407.5|1914.2|3258287.7|1
V25|161|63|9732.6|-8316.8|569.4|1752.2|4051975.6|2
V26|486|234|12231.5|-14205.2|1739.3|2464|2009131.6|0
V27|196|77|6739.2|-6958.2|705.4|1428.9|1043345.2|0
V28|631|196|14618.4|-17578.2|2237|3117.1|2447426.5|0
V29|556|129|14249|-17823.1|1966.8|3977.2|3650076.6|0
V30|364|48|11445.7|-13787.7|1285.4|3713.6|4778310.5|0
V31|40|8|654.5|-1258.2|140.7|762.5|145540.1|0
V32|237|89|7751.7|-8128.4|842.2|1324.4|1201554.7|3
LAB|CRUDEOIL1!|5|first=1767583800000|from=1767830400000|last=1775066100000|nD=60|uIn=14
V01|188|65|8975.2|-6229.5|509|1342.7|3373708.9|6
V02|206|76|7182.9|-5630.1|557.2|647.3|1528982.5|6
V03|230|103|8746.2|-6731.3|623.5|1051.6|2468252.5|6
V04|206|77|8328.1|-7123.3|560|1453.9|2279025.7|5
V05|177|50|8435.4|-6612.3|479.2|1826.8|3275386.3|4
V06|150|47|6603.1|-5916.5|411.4|1312.5|2983393.7|5
V07|209|71|9135|-7073.4|565.2|1317.2|3548393|6
V08|201|67|9064|-7561.3|550.8|1496.7|3447693|5
V09|112|34|4476.6|-4291|311.2|1257.4|1887907.5|4
V10|220|72|9863.2|-8086.4|599.9|1771.1|3629536.5|4
V11|211|68|7127.4|-7132.2|575.6|1016.1|2999009.9|7
V12|117|38|4974|-3594.5|316.3|982.7|2488384|2
V13|190|65|9207.9|-6276.5|514.4|1366.8|3735350.8|5
V14|181|62|8490.3|-5810.6|488.1|1459.6|3721100.6|3
V15|194|64|9150.8|-6440.4|525.6|1518.3|3754627.7|6
V16|118|46|4146.9|-3218.5|319.5|683.4|1067772.6|2
V17|279|99|9428.4|-8805.2|759.4|1731.3|1973122.1|5
V18|235|64|7833.9|-8322.7|629.2|1978.1|2380452.2|4
V19|333|146|9240.6|-8164.4|909.3|845.4|1651089.1|5
V20|96|32|4350.4|-3501.4|254.3|1224.1|996258.5|2
V21|92|27|4877|-3660.8|242.4|1152.1|2290756.5|2
V22|73|22|2568.9|-3149.3|193.1|1622.3|1025457.1|1
V23|112|43|5732.8|-4643.9|306.5|1115.7|1974893|1
V24|105|27|6093.5|-5316.1|286|1674.8|3490935.3|1
V25|147|54|6761.7|-6140.8|402.9|1266.4|2932106.3|2
V26|485|253|9748.1|-9705.3|1323.6|1381.2|2240943.6|0
V27|186|70|4304.7|-5010.6|501.9|923.7|868883.5|0
V28|621|216|11148.4|-13033.6|1688.2|3320.5|2843413.9|1
V29|525|125|9519.4|-13397|1416.3|4590.5|3236130.5|0
V30|359|40|6839.9|-11456.8|978|5010.8|3965546.1|0
V31|39|19|934.6|-524.5|107.9|102.4|115476|0
V32|225|91|5895.5|-5702.6|609.2|706.3|1381973.2|7
LAB|CRUDEOIL1!|5|first=1760326200000|from=1760572800000|last=1767810000000|nD=59|uIn=0
V01|190|54|2030.4|-2670.2|400.8|878.4|213885.9|0
V02|212|58|1462.5|-2396.5|446.5|1057.1|142012.6|0
V03|228|86|1954.3|-2678.7|480.4|1082.4|118004.4|0
V04|207|62|1972.2|-2773.2|436.4|1123|186070.6|0
V05|172|35|1664.9|-2725.5|362.8|1321|214328.6|0
V06|152|42|1604.5|-2320.4|320.6|1073.9|197984.5|0
V07|197|60|2288.3|-2748.2|415.6|911.7|212235.2|0
V08|178|50|1986.4|-2669.7|375.5|855.9|195142.4|0
V09|120|24|1034.4|-1805.3|252.6|905.1|119026|0
V10|216|62|2399.4|-3094.1|455.7|1112.3|221216.7|0
V11|219|59|1923.5|-2592.1|461.6|1004.5|164796.1|0
V12|114|26|858.5|-1395.5|240|551.3|69834.8|0
V13|189|53|1994.6|-2687.5|397.9|895.3|199374.1|0
V14|182|51|1932.6|-2537.4|384|857.2|202939.7|0
V15|199|55|2053.3|-2806|419.7|978|225091.9|0
V16|114|27|640.3|-1368.4|240|728.1|52488.6|0
V17|229|67|1936.7|-2967.2|482|1369|178194.5|0
V18|202|57|2373.5|-2568.6|425.2|760.1|215123.6|0
V19|303|115|2080.5|-2759.8|637.6|912.5|104329|0
V20|88|24|879|-1411.1|184.8|834.9|98831.8|0
V21|83|19|1038.7|-1446.9|174.1|773.8|134991.6|0
V22|75|18|656.2|-1266.4|157.7|852.6|81304.1|0
V23|98|25|887.8|-1478.7|206.8|836.3|87030|0
V24|93|19|1007.2|-1523.7|196.2|687.8|106649.7|0
V25|128|35|1212.9|-2159.3|269.8|1108|140416.5|0
V26|404|191|2054.1|-3185.2|849.4|1135.5|98079.9|0
V27|163|55|951|-1691.4|343.4|762.2|52953|0
V28|549|184|3443.5|-3772|1156|805|160863.3|0
V29|483|137|4008.3|-3696.4|1016.9|300.8|169369.7|0
V30|276|41|2664.8|-2602.5|580.9|548.3|187952.8|0
V31|36|15|373.5|-211.3|75.6|92.9|34122.2|0
V32|241|72|1501.9|-2397|507.5|1063|98788.8|0
LAB|CRUDEOIL1!|5|first=1753068600000|from=1753315200000|last=1760550900000|nD=58|uIn=2
V01|189|58|2316.5|-2872.3|423.9|698.9|185631.9|0
V02|208|75|2144.6|-2409.7|466.3|526.3|131004.7|0
V03|223|101|2542.9|-2573.4|500.1|409.8|167228.9|0
V04|200|71|2369.1|-2800.3|448.5|697.8|203328.5|0
V05|169|45|2432.6|-2703.6|379.3|551.8|242442.2|0
V06|155|47|2030.2|-2290.6|346.9|488.6|135116.1|0
V07|219|61|2443.4|-3506.3|491.7|1186.3|257415|0
V08|202|60|2407|-3122.8|452.2|797.2|266729.2|0
V09|118|39|1508.3|-1705.2|263.6|438.7|106108.3|0
V10|223|66|2804.8|-3595.7|500.9|890|228331.5|0
V11|206|67|2337.9|-2614.9|461.7|552.2|184295.5|0
V12|116|34|1100.8|-1438.5|260.8|547.2|73934.4|0
V13|190|58|2336.5|-2968|426.2|774.6|175218.7|0
V14|178|54|2164.7|-2628.9|399.3|548.2|152544.2|0
V15|192|59|2346.9|-2925.8|430.6|722|178431.1|0
V16|116|40|1083.1|-1299.2|260.7|366.5|56786.5|0
V17|275|82|2812.2|-3941.8|616.7|1300.4|317375|0
V18|219|58|2427.3|-3427.2|490.9|1079.8|271840.6|0
V19|337|127|2431.6|-3576.5|755.4|1240.5|218891.9|0
V20|86|27|1091.8|-1517.4|193.1|698.8|139265.4|0
V21|77|17|1155.2|-1531.6|173|684.3|172336.9|0
V22|62|17|734.2|-1091.4|139.1|622.5|99922.9|0
V23|118|30|1212.3|-2136.4|265|924.2|111527.9|0
V24|107|21|1208.4|-2125.2|240.5|958.7|151165.7|0
V25|154|45|1810.4|-2686.6|345.8|876.3|162298.5|0
V26|440|234|3010.8|-3537.7|989.7|592.6|133649.7|1
V27|164|71|1471.3|-1446.6|370.1|322.2|54679.4|0
V28|575|199|3811.2|-4599.9|1291.9|1260.8|210227.7|0
V29|499|132|4175.9|-4416.5|1124|836.6|233198.3|0
V30|341|48|3008.8|-3686|770|911.6|261056.3|0
V31|35|10|142.3|-360.9|78.7|257.9|12285.1|0
V32|227|89|2037|-2280.5|509.3|431.5|124395.6|0
LAB|CRUDEOIL1!|5|first=1746415800000|from=1746662400000|last=1753293300000|nD=55|uIn=0
V01|159|45|2651|-3485.8|358.7|954.9|317220.6|0
V02|201|61|2350.4|-3212.2|452.9|956.7|178155.4|0
V03|214|86|3091.1|-3619.9|482.4|774.8|264045.8|0
V04|168|55|2657.1|-3357.3|378.6|777.3|275141.8|0
V05|150|38|2868.6|-3427.1|339.5|649.9|296565.1|0
V06|130|40|2321.3|-2802|293.4|690.6|212628.3|0
V07|178|51|2835.5|-3861.1|402.4|1134.9|281828.4|0
V08|178|57|3148.4|-3733.5|403.2|875|269078.8|0
V09|100|28|1440.8|-2205.3|225.3|940.1|174371.9|0
V10|196|54|3212.3|-4215.5|440.3|1198.7|559459|0
V11|173|49|2427.1|-3198.4|389.4|855.6|266792.7|0
V12|96|27|1302.4|-1599.2|215.9|429|113991.4|0
V13|179|48|2955.2|-3835.5|403.4|1000.3|381798.7|0
V14|151|43|2465.9|-3336.4|340.3|1134.7|317069.9|0
V15|159|46|2800|-3450.6|358.7|790.9|327851.7|0
V16|110|32|1252.7|-1617.6|247.4|599.6|118744|0
V17|236|82|3963.2|-3837.7|529.7|677.5|421829.8|0
V18|197|57|3345.9|-3662.6|441.9|1241.5|593035.3|0
V19|311|130|3362.5|-3590.6|700.3|502.3|185632.2|0
V20|91|22|1345.5|-2037.6|203.2|747.3|350524.2|0
V21|82|16|1490.4|-1950|184|686.6|348099.5|0
V22|63|17|963.5|-1262.5|140.2|400.6|170273.8|0
V23|103|30|1733.7|-2256.6|232.1|670.5|158483.7|0
V24|96|22|1940.3|-2238.7|215.6|605.9|255349.3|0
V25|132|40|2190.5|-2870.3|296.7|904.3|172353.1|0
V26|450|216|3179.7|-4860.3|1012.4|1723.2|265962|0
V27|172|76|1836.6|-2194.2|387.6|572.6|99822.5|0
V28|541|191|4755.2|-5686.5|1225|1341.6|400823.1|0
V29|473|122|4808.7|-5920.9|1071|1297|436499.6|0
V30|272|51|4209.9|-3825.6|612.6|631.9|678375.9|0
V31|39|12|255.4|-485.3|88.6|323.3|20959.2|0
V32|225|74|2340.6|-3188.6|506.9|887|165768.7|0
LAB|CRUDEOIL1!|5|first=1739158200000|from=1739404800000|last=1746640500000|nD=59|uIn=9
V01|170|52|2486.4|-3243|388|1197.6|311025.1|2
V02|190|64|2014.5|-2930.9|434.1|965.4|249849.6|2
V03|201|80|2311.4|-3369.1|459.7|1387|303567.2|3
V04|177|58|2306.2|-3282|404.1|1320.1|294278.8|2
V05|156|41|2543.3|-3222.3|355|1255.2|352968.4|2
V06|132|38|1860|-2437.5|301.7|930.1|150329.1|0
V07|186|60|2952.7|-3444.6|422.5|1219.9|314537.4|2
V08|180|56|2829.4|-3342|410.3|1005.2|272265.5|2
V09|104|35|1609.2|-1862.9|237.7|602|223535.8|0
V10|204|63|2923|-3959|466.1|1411.2|389063|3
V11|188|61|2395.5|-3141.7|429|1157|315857.9|2
V12|115|37|1426.6|-1901.5|261.9|587.9|118361.2|1
V13|169|54|2586.3|-3182.7|385.3|1037.6|317775.5|2
V14|163|49|2070.5|-3060.4|372.7|1301.5|268298.2|2
V15|176|53|2508.1|-3332.8|401.5|1310.8|321952.1|2
V16|116|42|1285.1|-1587.5|264.6|465.4|95907.3|1
V17|255|98|3555.1|-3459.3|584.5|577.8|257514.1|5
V18|194|64|2841.3|-3137.8|442.9|656.3|223530.3|4
V19|302|131|2983|-3285.6|691.6|440.7|165785.8|5
V20|60|25|1425.4|-832.9|135.5|269.4|210812.2|1
V21|57|23|2007|-758.8|129.4|323.1|568185.3|1
V22|46|16|898.8|-699.9|104.4|281|121842.6|1
V23|123|39|1486.9|-2351.6|280.6|866.7|187880|1
V24|115|28|1681.2|-2339.3|261|664.5|254085.7|1
V25|147|50|2260.8|-2853.8|334.8|697.5|239425.3|2
V26|459|216|3249|-4511|1043.8|1365.7|287976.9|1
V27|181|74|1644.4|-2085.8|410.4|489.1|105630.1|0
V28|517|177|4031.2|-4516.4|1179.2|759.7|383740.8|0
V29|458|110|4125.3|-4778.1|1048|1090.5|396890|0
V30|322|52|3897.9|-3877.8|741.2|476.6|617857.3|0
V31|31|10|282.2|-383.6|69.7|203.8|23425.2|0
V32|205|77|1883.5|-2800.2|468.8|940.5|218672.9|3
LAB|CRUDEOIL1!|5|first=1732505400000|from=1732752000000|last=1739384400000|nD=55|uIn=0
V01|163|41|1751.5|-2642.8|405.9|937.5|176926.3|0
V02|195|60|1927|-2463.7|484.8|583|117119.4|0
V03|207|75|1941.1|-2720.2|515|866.2|156432.3|0
V04|173|50|1815.3|-2655|431.2|888|179699.9|0
V05|145|31|1763.3|-2571.1|361.7|869.3|252360.2|0
V06|138|36|1602|-2201.5|343.4|793|140855.1|0
V07|181|42|1870|-2893.2|450.1|1188.4|208343|0
V08|177|46|1995.8|-2820.2|441.5|1023.8|211803.5|0
V09|102|22|921.6|-1685.2|254.6|809.9|118096.9|0
V10|177|45|2104.8|-2995.6|440.8|991.5|204623.9|0
V11|174|46|1660.1|-2463.1|433.7|863.5|165001.5|0
V12|104|27|961.7|-1433.2|258.9|471.5|77261.4|0
V13|169|43|1836.8|-2777.7|421.6|987.2|193024.5|0
V14|160|38|1606.6|-2571.9|398.4|1011.6|159122.1|0
V15|167|43|1919.8|-2691.9|415.9|818.3|168410|0
V16|109|32|934.7|-1264.2|271.3|430.4|45598.4|0
V17|245|85|2804.3|-3262.4|608.8|569.2|176699.2|0
V18|195|65|2686.2|-2704.3|484.6|580.2|219329.7|0
V19|301|127|2482.2|-2962.6|747.7|684.5|115122.9|0
V20|78|29|874.1|-1116.2|193.5|477|73804.8|0
V21|67|21|903.7|-1032.7|166.5|375.1|75640.4|0
V22|65|24|647.1|-949.4|161|385.4|48056.3|0
V23|91|29|1087.6|-1785.4|227.4|797.3|134508.6|0
V24|87|23|1314.3|-1820.7|217.5|722.8|198925|0
V25|115|39|1528.8|-2099.1|288|704.5|148534|0
V26|423|212|2342.7|-3351.9|1051|1020.6|111278.2|0
V27|173|61|1073.5|-1786.1|429.5|744.7|77298.9|0
V28|556|194|3402.7|-4537.4|1385.6|1134.7|168108.2|0
V29|499|127|3646.3|-4634.5|1242.9|1019.4|220910.9|0
V30|346|50|2999.6|-3676.8|858.2|1138.4|338492.6|0
V31|28|7|89.5|-306.1|69.9|242.3|9852.2|0
V32|207|68|1768.2|-2273.9|515.6|593.6|84038.1|0
LAB|CRUDEOIL1!|5|first=1725247800000|from=1725494400000|last=1732731600000|nD=59|uIn=0
V01|184|48|2643.7|-4064.2|435.8|1551.5|348259.4|0
V02|216|64|2572.4|-3666.7|511.4|1163.6|244915.1|0
V03|219|85|2877.4|-3950.5|518.5|1158.3|321246.4|0
V04|187|58|2543.7|-3924.8|442.7|1481.3|328906.2|0
V05|168|33|2312|-3895.6|398.1|1747.4|419877|0
V06|137|34|2131.9|-3140.9|324.1|1074.6|253194.2|0
V07|202|52|2809.3|-4443.3|478.7|1664.6|368071.1|0
V08|192|47|2651.8|-4334.5|454.9|1723.3|340128.9|0
V09|109|27|1316.2|-2295.2|258.2|1089.9|245686.6|0
V10|209|47|2772.7|-5023.1|495|2381.4|503602.1|0
V11|197|59|2701.6|-3634.9|465.9|1194.7|368097.1|0
V12|113|38|1751.6|-1659.5|267.6|289.9|103541.2|0
V13|191|53|2961.6|-4105.3|452.5|1274.7|380410.7|0
V14|176|47|2531.5|-3831.7|416.9|1453.5|329943.5|0
V15|190|50|2715.4|-4174.7|450|1576.9|349100.2|0
V16|115|46|1545.9|-1489.2|272.2|205.4|79896.8|0
V17|277|94|3481.1|-5117|655.3|1752.3|373450.1|0
V18|221|55|2673.8|-4673.6|523.5|2053.9|424741.7|0
V19|343|130|3298.6|-4774|812.1|1528.1|270192|0
V20|96|25|1094.5|-2116.2|227.8|1117.6|171063.3|0
V21|91|15|1010.2|-2305.3|216.1|1295|208821.4|0
V22|78|24|1198.5|-1539.3|184.8|413.8|149346.5|0
V23|101|28|1492.8|-2333.5|239.1|912.3|244477.9|0
V24|93|23|1929.7|-2208.6|219.8|704.7|334777|0
V25|133|34|1788.4|-3220.2|315.2|1499.7|286712.6|0
V26|457|204|3630|-5295.8|1081.5|1665.8|209375.2|0
V27|180|60|1648.6|-2737.3|427.2|1088.7|160267.8|0
V28|613|203|5317.5|-6373.3|1453.7|1274.5|352293.5|0
V29|543|144|5730.1|-6416|1287.7|994.4|470917.6|0
V30|353|68|5689.8|-4532.7|836.7|452.4|718526.8|0
V31|30|5|87.6|-337.3|71.6|259.7|6819.7|0
V32|231|83|2674|-3243.2|546.7|779.5|252328.4|0
LAB|CRUDEOIL1!|5|first=1717990200000|from=1718236800000|last=1725472500000|nD=59|uIn=0
V01|170|54|2464.8|-2763.7|447.3|579.9|207392.7|0
V02|208|73|2301.6|-2687.3|546.7|645.5|104176.7|0
V03|207|85|2499.8|-2831.9|544.1|617.1|152815.8|0
V04|181|62|2363.3|-2884.8|477.3|884|225138.6|0
V05|160|44|2513.7|-2756.7|420.5|508.2|243638.6|0
V06|145|47|2173.5|-2300.5|382.3|659.9|194946.8|0
V07|188|60|2790.2|-3163.7|494.1|640.8|183037.1|0
V08|177|53|2387.2|-3017.4|464.7|800|241480.4|0
V09|101|32|1438.4|-1544.5|266|354|98233.3|0
V10|190|60|3050.5|-3193.3|501.8|756.2|256580.9|0
V11|198|66|2795.5|-2547.8|520.9|441.9|221140|0
V12|115|39|1485.2|-1366.5|302.2|390.9|98069.1|0
V13|170|54|2598.5|-2792.5|447.4|583.4|228149.2|0
V14|160|51|2253.8|-2634.5|420.7|542.8|185944.3|0
V15|175|55|2501|-2849.8|460.5|629.8|207821.8|0
V16|118|46|1404|-1218|310.2|183.3|57907.8|0
V17|232|91|3263.3|-2967.5|608.4|425.4|227166|0
V18|191|55|2586.6|-3019|502.2|963.2|245611.6|0
V19|309|127|2930.7|-3166.6|808.9|565.1|121745.9|0
V20|77|29|1252|-1114.2|202.5|190.8|69598.3|0
V21|72|25|1706.9|-1085.9|189.4|142.1|133383.2|0
V22|50|17|781.4|-728.2|131.8|183.8|52320.8|0
V23|89|37|1641.9|-1307.1|234.6|267.3|147917.9|0
V24|81|26|1921|-1368.6|213.5|223.4|213032.2|0
V25|116|48|2035.7|-1735.2|304.7|301.8|161390.8|0
V26|473|222|2763.3|-4381.6|1238.2|1657.1|165755.1|0
V27|183|55|1041.7|-2265.1|480.1|1266.8|99390.4|0
V28|597|180|3488.2|-5634.8|1568.8|2252.4|264012.1|0
V29|551|130|3586.8|-5829.9|1447.4|2426|364891.7|0
V30|421|61|3385.6|-5070.5|1105.1|2149.7|403869.4|0
V31|31|17|320.1|-173.2|82.4|83.6|12103.6|0
V32|230|86|2326.5|-2552.9|604.8|680.6|126476.1|0
LAB|CRUDEOIL1!|5|first=1710905400000|from=1711152000000|last=1718214900000|nD=57|uIn=0
V01|178|53|2294.8|-3034.8|480.1|957.6|230968.5|0
V02|201|68|2034.9|-2547.4|540.7|512.5|137699.8|0
V03|203|85|2187.7|-2808.7|547.2|641.4|149684.6|0
V04|190|68|2406.7|-2993.2|512.7|728.3|195367|0
V05|167|41|2287|-3015.4|450.4|888.4|250399.7|0
V06|142|36|1529.7|-2671.1|382.4|1222.8|186862.2|0
V07|200|59|2307.3|-3412.4|539.8|1176.8|261307|0
V08|187|58|2494.6|-3160|505.7|1032.7|282955.7|0
V09|100|32|1235.7|-1683.7|269|727.2|104450.9|0
V10|189|60|2579.1|-3175.2|513.3|814.5|192682.4|0
V11|198|57|2087.4|-2982.2|533.8|962.6|199462.9|0
V12|111|32|950.3|-1399.6|298.7|465.2|46605.6|0
V13|179|52|2281.1|-3079.1|483.4|981|225585.7|0
V14|172|51|2136.6|-2878.5|463.4|870.5|236882.9|0
V15|185|55|2427.4|-3139.5|498.8|840.5|247469.8|0
V16|110|42|967.6|-1153.8|296|322.5|46517.8|0
V17|248|79|2601.3|-3404.4|666.5|972.6|275949.4|0
V18|195|59|2330.4|-3102.3|524.3|1030.5|219886.9|0
V19|287|114|2328.8|-2920.5|770.5|664.3|107680.7|0
V20|62|26|985.6|-1014|165.4|169.8|95971.6|0
V21|57|22|1262|-981.1|152|168.5|121741.4|0
V22|48|23|810.9|-780.5|128.2|268.6|81068.8|0
V23|110|41|1700.3|-1867|296.1|441.1|156158.4|0
V24|89|26|1657.9|-1768.1|239.8|481|192316|0
V25|129|48|1893.2|-2194.6|348.3|580.1|196760.2|0
V26|425|189|2457.8|-3807.4|1142.5|1371.2|129088.6|0
V27|146|50|1177.1|-1699.5|393|588.5|78263.2|0
V28|553|173|3526.4|-4979.2|1484.5|1481.4|292324.2|0
V29|506|129|4021.3|-5076.4|1359.4|1207.9|254080.3|0
V30|372|54|3460|-4436.6|1001.1|1430|374064.3|0
V31|29|10|192.4|-200|76.8|61.3|6403|0
V32|218|76|1858|-2516.6|586.6|659.1|112363.7|0
LAB|CRUDEOIL1!|3|first=1785123000000|from=1785283200000|last=1789149420000|nD=33|uIn=4
V01|180|62|5162.6|-4590.4|586.1|674.1|637719|1
V02|183|66|4143.1|-4196.4|595.5|810.8|443762.6|1
V03|220|104|5467.3|-4657.8|716.1|342.5|359364.1|1
V04|191|72|5069.4|-4630.5|622.3|554.9|533814.9|1
V05|167|55|5502.2|-4602.6|542.3|684.8|938992.3|1
V06|147|47|3887|-4405.2|480.1|749.5|605608.8|1
V07|196|69|5885|-4939|637.3|486|726110.4|1
V08|189|62|5357|-5120.3|614.4|1004.5|694535.1|1
V09|118|40|3362.7|-3167.1|385.3|519.3|409856.5|0
V10|216|70|5725.2|-6142.7|703.4|1393.2|1146528.5|1
V11|195|63|4285|-4987.7|634.3|1356.5|639221.4|1
V12|66|23|1479.5|-1245|214.1|370.4|175691.4|0
V13|183|63|5261.5|-4661|595.2|710.7|696885.6|1
V14|171|60|4976.2|-4274.7|557|623.2|837916.9|1
V15|184|64|5378.9|-4651.2|597.7|687.8|685202.6|1
V16|66|24|1247.7|-1224|214.1|424|126047.1|0
V17|265|95|5780.4|-6156.6|858.9|774.3|556802|1
V18|221|78|5774.6|-5516.6|716.6|621.4|753272.8|1
V19|301|126|4925.4|-5490.2|975.9|1079.1|382099.1|1
V20|85|32|2532.8|-2185|275.2|531.8|423535.9|0
V21|76|22|2296.4|-2208.9|245.2|729.9|479594.8|0
V22|78|26|2026.4|-1916|253.7|546.8|236901.4|0
V23|124|43|3565|-3755|403.2|750.4|595326.1|1
V24|113|31|3910.6|-3689.9|369.8|762|766569.9|1
V25|163|61|4901.2|-4562.1|528.4|788.3|771471.5|1
V26|423|197|4722.1|-6668|1375.9|2243.8|483857|0
V27|156|59|2039.8|-3212.1|507.4|1437.2|374984.7|0
V28|630|193|7057.8|-9166.5|2055.3|2630.9|650415.6|0
V29|543|122|6638|-9163|1774|2810|722136.7|0
V30|378|63|6976.3|-7093.8|1241.3|1116.4|1046146.3|0
V31|41|13|603.4|-609.5|132.3|271.4|72231.2|0
V32|203|83|3991.4|-3985.1|660.4|503.6|378956.1|1
LAB|CRUDEOIL1!|3|first=1780889400000|from=1781049600000|last=1785261420000|nD=35|uIn=0
V01|192|59|5025.8|-5122.8|569.7|647.2|741575.7|0
V02|195|66|4068.7|-4630|577.7|883.2|565051.8|0
V03|223|93|4834.1|-5211.4|660|868.1|573982.8|0
V04|204|70|4835.3|-5123.7|606.7|596.4|626751.2|0
V05|171|43|4425.2|-5022.4|509.8|888.8|656297.9|0
V06|158|48|4111.8|-4133.2|468.1|791.7|532559|0
V07|207|61|5066.1|-5543.9|616.3|1007.3|746705.3|0
V08|207|63|5202.6|-5879.8|613.4|1241.5|478175.8|0
V09|107|25|2637.2|-3015.4|316.2|1099.2|723219.6|0
V10|216|61|5346.2|-6475.6|641.2|1290.4|1130532.3|0
V11|216|61|4417.4|-5239.4|639.8|1097.6|682704.1|0
V12|70|19|1190|-1647.2|206.8|608.5|102415.4|0
V13|197|64|5441.7|-5122|584|599.5|668455.7|0
V14|184|58|4688.3|-4748.2|545.3|782.1|585906.1|0
V15|200|61|5199.4|-5302.8|593|682.8|799781.1|0
V16|70|24|1286.9|-1458|206.9|413.1|112348.2|0
V17|286|93|5902.3|-7002.9|852.6|1599.5|1149983.4|0
V18|223|68|5627.2|-5644.1|665.9|881.3|969324.3|0
V19|333|127|4905.1|-6596.7|990|1977.3|828625.7|0
V20|96|32|2339.8|-2620.3|285.2|896.9|464987.5|0
V21|83|23|2325.5|-2550.2|246.3|995.8|623396.7|0
V22|85|29|2106|-2264.8|251.4|798.9|407035.8|0
V23|133|45|3762.4|-4405.3|394.4|1104.9|737120.8|0
V24|126|33|3949.1|-4607.1|374|1261.3|1059710.1|0
V25|163|55|4688.4|-5458.1|485.2|1169.4|903286.4|0
V26|419|202|4755.2|-6843.2|1241.5|2298.8|763012.2|0
V27|158|62|2131.5|-3297.4|473|1281.9|265916|0
V28|634|199|7103.6|-10183.4|1887.7|3140.4|845223|0
V29|599|144|8007.9|-10433.5|1785.2|2458.3|955391.7|0
V30|412|59|6686.1|-8533.9|1230.2|1847.8|1661439.7|0
V31|31|9|303.2|-503.6|90.9|259.4|26273.3|0
V32|218|72|3365.3|-4657.2|645.3|1291.9|469195.3|0
LAB|CRUDEOIL1!|3|first=1776655800000|from=1776816000000|last=1781027820000|nD=35|uIn=7
V01|183|64|7447.4|-7115.1|678.5|895.7|1397436.4|2
V02|190|70|6422.4|-6256.1|703.8|800.2|1063517.8|2
V03|216|98|6985.6|-7089|798.2|1124.7|1485181.8|2
V04|197|73|7267.2|-7277.1|728.6|911.2|1357357.3|2
V05|160|51|7761.2|-6254.1|595.6|873.5|1671104.6|2
V06|145|57|6678.4|-5240.7|537.2|847.3|1502917.2|2
V07|197|69|8392.9|-7235.9|729.7|861.8|1441740|2
V08|201|63|7522.5|-8218.5|746.2|1483|1516951.6|2
V09|108|43|4654.3|-3687|400.5|679.9|676831|1
V10|195|69|8467.6|-7721.2|724.9|1138.7|1729631.4|2
V11|203|64|6506.2|-7001.1|752.1|1263.3|1287130|2
V12|69|29|2489.1|-1856.3|255.8|260.1|219488.6|1
V13|181|65|7609.8|-7005|671|895.7|1579277.3|2
V14|172|60|6981.1|-6630.8|638.7|959.2|1358716.1|2
V15|184|63|7434.3|-7182.6|682.2|967.1|1254909.6|2
V16|69|32|2177.7|-1720.9|255.8|260.1|153522|1
V17|251|86|7566.6|-8854.5|927.6|2365.7|1424286.3|4
V18|213|67|7562.5|-8337.8|789.1|1822.1|2000660.8|3
V19|291|126|6755.4|-7934.8|1075.4|2085.7|1075815.7|4
V20|93|33|3360.8|-3389.3|343.9|877.9|750443.6|2
V21|89|23|3490.9|-3709.1|329.2|860|914926.9|2
V22|82|30|2854|-3058.2|303.2|780.3|578456.9|2
V23|109|35|3376.3|-5380.7|405|2858.9|986936.8|0
V24|102|29|4321.5|-5192|378.4|2266.6|1259722.7|0
V25|151|49|5333.5|-7125.1|561.4|2388.1|1095898|0
V26|453|220|8811.2|-9736|1684.4|1386.7|1145710.8|2
V27|183|75|4809.4|-4879.7|682|839.3|440678.1|0
V28|559|180|10670|-12175.7|2066.5|1982.8|1445308.3|0
V29|497|114|10682.7|-12621.8|1839.3|2560.3|1746733.5|0
V30|361|49|9604.5|-11237.8|1336.5|2528.2|2518899.5|0
V31|33|10|611.6|-788.2|122.9|273.8|146484.7|0
V32|213|77|5301.3|-6233.3|787.9|1563.1|1057979.6|2
LAB|CRUDEOIL1!|3|first=1771817400000|from=1771977600000|last=1776794220000|nD=39|uIn=6
V01|211|73|11323.5|-9628.4|715.8|1126.1|3083879.9|3
V02|208|77|9161.3|-8232.1|705.5|1225.3|1795012.3|3
V03|235|106|9997.8|-9104.6|795.4|1058.8|1960579.7|3
V04|221|86|11499.5|-9552.2|750.5|1048.9|2768568|3
V05|196|56|10756.4|-10065.1|665.8|1077.8|4909471|2
V06|167|58|8877.5|-8052.9|568.8|882.1|2850766.5|2
V07|226|77|11887.5|-10781.4|767.4|2129.8|4204176.3|3
V08|215|72|10974.2|-10585.5|729.1|2683.5|4584788.8|1
V09|120|38|5895|-5636.5|409.6|1252.7|2470338.3|1
V10|233|76|11964.7|-12314.1|793.4|1855.4|3094247.5|3
V11|229|79|10009.3|-9165.2|773.7|1033.4|2033358.4|3
V12|78|22|3098.8|-3142.6|265.9|842|906213.4|1
V13|220|75|11729.5|-10128.3|746.1|1175.7|3800927.2|2
V14|199|68|10480|-9112.1|673.6|1374.7|3345235.5|3
V15|216|73|11616.9|-9925.7|733.4|1126.1|3124035|3
V16|78|26|2866.8|-2920|266.1|867.4|679819.5|1
V17|299|104|12218.6|-12816.8|1014.4|2390.9|3258061.3|3
V18|233|70|10683.7|-11656.7|787.9|2870.6|5969277.2|2
V19|325|137|10459|-10879.4|1103.6|2009.6|2535536.3|3
V20|97|39|6219.4|-3958.8|335.8|960.6|1857276.5|2
V21|84|29|6196.4|-4067.5|289.9|960.6|1804760.1|2
V22|70|24|3819.4|-3191.1|241.8|826|1080136.3|2
V23|123|48|7668.8|-7150.9|424.7|1815.7|2212835.6|0
V24|107|31|7315.4|-7236.8|373.2|2441.8|4312252.2|0
V25|161|64|9922.4|-8921.4|549.3|1102.3|3245083.9|1
V26|516|246|11463.6|-14508.4|1749.6|3132.3|2722341.3|0
V27|204|73|5365.3|-7589.8|694|2495.1|1474721.4|0
V28|693|224|15589.7|-16945.6|2353.3|2157.5|2416791.6|1
V29|609|156|17491.4|-16492.8|2053.6|1564.1|5233578.6|0
V30|399|56|11186.4|-14081.8|1344|3618.6|4863910.8|0
V31|43|14|878.8|-845.3|148.8|232|91636.2|0
V32|240|94|9141.7|-8136.6|814.8|1229.6|1320249.5|3
LAB|CRUDEOIL1!|3|first=1767583800000|from=1767744000000|last=1771957440000|nD=35|uIn=8
V01|174|51|1973.4|-2850.4|393.5|1216.2|197302.9|3
V02|178|61|2034.6|-2311|402.5|603|157904.3|2
V03|209|93|2046|-2512.7|472.7|638.4|148879.1|3
V04|196|70|2183.4|-2712.3|443.8|788.9|146638.6|3
V05|165|40|1898.1|-2935|373.9|1206.9|233844.7|3
V06|140|42|1624.1|-2137.9|316.9|854.4|148058.1|3
V07|184|59|2217.6|-2997.4|416.7|1060.5|205526.4|3
V08|193|62|2495.6|-2921.6|436.5|967.9|237306.7|3
V09|114|34|1249.1|-1877.9|258.1|786.6|96173.9|1
V10|193|67|2672.2|-2845.1|437|552|190250.1|2
V11|202|62|1908.4|-2722.5|458|1133.1|178038.8|3
V12|70|17|534.1|-795.4|158.2|448.1|37946.4|2
V13|172|51|1965.8|-2875.2|389.4|1248.6|269139.9|3
V14|169|51|1911.5|-2522.9|382.4|942.7|224636.8|2
V15|177|52|2031.8|-2881.4|400.4|1166.8|218076|3
V16|70|20|498.5|-743.6|158.2|393.7|33495.1|2
V17|256|87|2252.3|-3424.2|579.8|1386.8|360039.3|4
V18|197|55|1813.7|-3102.7|448.2|1408.2|255365.9|4
V19|311|116|2250.6|-3544.8|704.9|1370.2|322065.8|3
V20|93|27|762.6|-1343.3|211.1|649.6|78808.5|2
V21|89|18|755.6|-1455.5|202.1|722.2|93226.6|2
V22|73|22|603.9|-1073.1|165.9|512.6|65303|2
V23|85|33|1313.2|-1210.3|193.1|356.2|67542|1
V24|81|28|1654|-1220.8|183.6|296|158041.3|1
V25|129|47|1781.4|-1887.6|292.9|397.3|119939.5|5
V26|440|210|2430.2|-3375.9|998.9|987.8|106961.5|1
V27|183|74|1541.6|-1647.8|417.3|302.3|72717|0
V28|523|172|2983.8|-4223.1|1185.1|1354.6|157726.3|0
V29|462|117|3254.4|-4336.9|1046.6|1325.6|191699|0
V30|347|49|2838.5|-3971.7|786.8|1298.1|403541.3|0
V31|27|7|151.9|-229.1|62|99.6|6080.3|0
V32|202|80|1873.2|-2193.1|457.6|567.6|119215.1|2
LAB|CRUDEOIL1!|3|first=1763350200000|from=1763510400000|last=1767723840000|nD=34|uIn=0
V01|191|54|1357.4|-1876.7|400.1|690|87467.5|0
V02|205|57|1104.9|-1727.9|429.5|787.8|64490.7|0
V03|219|83|1294.3|-1825.4|458.6|714.8|63797.5|0
V04|202|67|1373.1|-1850|423.2|657|67810.8|0
V05|167|42|1420.8|-1760.3|349.7|537.3|80612.4|0
V06|164|45|1134.8|-1649.1|343.8|696.9|84586.1|0
V07|202|57|1403.6|-1999.1|423.5|678|80321.5|0
V08|192|60|1460.9|-1833.4|402.4|466.3|69267.5|0
V09|119|37|906.8|-1156.2|249.4|450.7|60812.9|0
V10|207|58|1573.5|-2095.2|433.5|678.1|86271.3|0
V11|210|58|1237.7|-1786.5|439.8|719.3|58706.8|0
V12|68|16|260.3|-539.8|142.6|317|11006.2|0
V13|193|54|1368.1|-1917.7|404.4|717.6|93320.5|0
V14|182|56|1366.6|-1699.1|381.3|520.3|72591|0
V15|198|54|1358.4|-1964.8|414.8|733|93002.4|0
V16|68|18|242.5|-516.7|142.7|331.3|12435.6|0
V17|232|84|1613.7|-1972.5|485.8|588.4|75822.6|0
V18|191|60|1420.8|-1812.4|399.8|612.8|73672.8|0
V19|290|116|1375.5|-1932.9|607.8|667.4|51382.1|0
V20|97|30|557.2|-915.6|203.4|397.7|32535.2|0
V21|81|22|639.5|-832.3|169.6|220.9|38594|0
V22|77|24|449.5|-740.1|161.6|312.5|24453.1|0
V23|84|33|826.3|-823.1|175.8|216.8|44790.8|0
V24|72|21|773|-836.1|150.8|176.4|61111.1|0
V25|106|38|945|-1135|221.8|249.6|46789.8|0
V26|387|189|1260.3|-2112.1|811.1|857.4|47323.4|0
V27|141|58|569.6|-865.4|295.5|317.2|23920.8|0
V28|426|135|1583.9|-2345.2|892.3|810.2|68371.8|0
V29|374|91|1774.9|-2316.8|783|620.5|62338.2|0
V30|251|31|1273.5|-1909.5|526.7|754.9|117527.2|0
V31|25|10|127.6|-149.4|52.5|49.2|5771.2|0
V32|225|69|1015.4|-1656.2|471.4|762.4|55069.3|0
LAB|CRUDEOIL1!|3|first=1758511800000|from=1758672000000|last=1763490240000|nD=39|uIn=0
V01|208|57|1961.2|-2631.1|449.8|769.9|156548.7|0
V02|220|67|1516.3|-2231.7|475.1|810.8|123303.3|0
V03|250|98|1982.6|-2606.3|540.4|831.5|143378.5|0
V04|221|74|1955.4|-2524.1|477.7|734.7|142016.3|0
V05|188|46|2005.5|-2533.7|406.8|633.5|140858.6|0
V06|171|42|1508.6|-2382.8|369.1|1022.9|198659.5|0
V07|209|57|2001.2|-2619.5|452.9|747.8|137661|0
V08|206|56|1837.2|-2749.9|446.3|1112.2|192151.5|0
V09|119|36|1228.9|-1596.9|257.4|501.8|85296.8|0
V10|235|70|2385.3|-2969.8|507.9|794.1|235472.2|0
V11|221|58|1538.3|-2610.1|477.6|1133|171913.7|0
V12|75|22|569|-683.5|161.7|202.5|35013.2|0
V13|209|58|2000.9|-2663.9|451.9|761.2|135537.8|0
V14|199|51|1659.8|-2459|430.6|933.4|133755.4|0
V15|213|59|2061.2|-2693.8|460.4|732.6|159591.6|0
V16|76|26|446.5|-628|163.8|235.4|15027.4|0
V17|272|83|2065.5|-3496.5|587.1|1544.9|269698.3|0
V18|209|52|1627.7|-3002.7|451.2|1375.9|181472.4|0
V19|324|118|1843.9|-3013.7|697.4|1212.8|102283.6|0
V20|97|32|822.6|-1497.2|208.5|748.7|104023.5|0
V21|87|21|902.8|-1440.5|186.8|697.6|84849.9|0
V22|74|26|668.3|-955|159.2|453.2|46041.2|0
V23|107|31|1048.1|-1708.5|230.5|713.1|103506.2|0
V24|95|18|920.6|-1701.2|204.5|844.6|110364.4|0
V25|135|34|1100.2|-2218|290.6|1154.8|163799.6|0
V26|458|235|2154.5|-2851.1|988.1|746.7|62681.7|0
V27|173|70|1152.7|-1346.5|373.4|302.8|59538.4|0
V28|577|198|2844.9|-4052.2|1246.7|1286.8|230563.2|0
V29|524|144|3303.6|-4000.2|1132.5|729.4|229110.2|0
V30|372|76|3566.7|-3194.2|805.1|464.3|194571.6|0
V31|35|8|124.2|-268.6|75|181.9|6969.1|0
V32|246|76|1479.5|-2288|531|814|104638.6|0
LAB|CRUDEOIL1!|3|first=1754278200000|from=1754438400000|last=1758650220000|nD=34|uIn=2
V01|170|51|1491.2|-1953.1|380.2|718.9|98141.8|0
V02|182|56|1367.7|-1696.3|407.2|518.6|53492.2|0
V03|205|92|1534.8|-1867.1|458.6|598.1|112755.1|0
V04|183|65|1586.1|-1895.1|409.3|597.8|92232.4|0
V05|153|33|1299|-1954|342.6|871.9|103071.4|0
V06|145|42|1213.4|-1749.8|324.7|687.2|82954.2|0
V07|190|54|1534|-2206.2|424.7|1029|116018.7|0
V08|186|59|1684.3|-2045.8|415.8|766.1|114216.2|0
V09|115|36|1063.6|-1248|257.4|425.9|62236.1|0
V10|199|59|1680.6|-2307|445.2|685.8|100313|0
V11|193|62|1452.8|-1878.9|431.7|551.2|85876.9|0
V12|68|23|550.4|-525.9|152.1|99.3|18964.7|0
V13|180|53|1559.2|-2074.3|402.6|690.8|100534.5|0
V14|164|50|1447.2|-1842.9|366.9|606.2|101048|0
V15|179|52|1504.1|-2082.3|400.4|739.8|97680.7|0
V16|68|24|470.1|-514.6|152.1|119.3|14174.4|0
V17|243|82|1794.2|-2313|543.7|728.6|118051.4|0
V18|199|60|1651.7|-2129.8|445.2|546.5|116072.9|0
V19|291|125|1826.5|-2182.2|651.6|570|78691|0
V20|89|38|893.4|-837.6|199.6|278.7|34537.7|0
V21|78|26|999.2|-851.6|174.9|264.1|45709|0
V22|71|26|622.8|-776.8|159.1|387.5|46486.3|0
V23|88|35|1015.6|-1065.6|196.7|351.2|64910.2|0
V24|83|22|930|-1212.5|185.3|505.9|82169.4|0
V25|126|43|1224.1|-1560.7|281.8|598.4|96303.6|0
V26|424|203|1668.8|-2553.1|948|1073.6|101677.3|0
V27|138|54|730.7|-1091.8|308.6|583.8|44200.6|0
V28|439|133|1649.9|-2941.8|981.1|1336.6|124352|0
V29|396|88|1723.3|-2992.5|885.3|1277.6|161012.8|0
V30|318|51|2011.1|-2640|711.4|747.4|157356.4|0
V31|34|12|117.8|-244.9|75.9|132.3|4743.2|0
V32|203|75|1390.4|-1587.3|454.1|435.9|65776.8|0
LAB|CRUDEOIL1!|3|first=1750044600000|from=1750204800000|last=1754416620000|nD=35|uIn=0
V01|189|56|2483.9|-2747.8|442.4|675|269536.2|0
V02|202|57|2156.9|-2545.2|471.8|700.7|218520.2|0
V03|223|78|2016.2|-2929.1|521.2|974.5|156686.5|0
V04|203|62|2259.1|-2872.2|475|800.1|227073|0
V05|167|38|2163.8|-2744.9|390.7|710|260586.5|0
V06|150|43|1992.7|-2335.5|350.5|667.7|208791.7|0
V07|215|66|2793.4|-3100|503.1|666|220155.8|0
V08|211|60|2587.6|-3121.1|494|708.5|200725.2|0
V09|111|30|1355.2|-1572|258.7|520.6|149144|0
V10|229|64|2900.4|-3373.3|535.7|982.3|301065.7|0
V11|209|56|2137.2|-2679.8|488.8|713.6|214860.9|0
V12|70|13|378.1|-794.8|163.5|416.7|25627.8|0
V13|194|57|2497.5|-2801.5|453.9|708.6|284429.1|0
V14|179|49|2180.6|-2651.4|419.1|725.1|224483.7|0
V15|194|57|2506.6|-2808.6|454.4|679.9|267970.8|0
V16|70|16|389.3|-742.2|163.6|367|19631.9|0
V17|249|83|2817.1|-3187.4|584.3|699.9|167420.5|0
V18|200|61|2583.8|-2698|467|704.3|224193.6|0
V19|304|113|2345.7|-3170.4|710.3|1017.4|190408.4|0
V20|85|25|896.2|-1284.9|199.2|456.8|72602.7|0
V21|82|18|959.3|-1352.4|191.8|517.5|85455|0
V22|67|21|727.2|-969.4|156.8|287.9|42978.6|0
V23|84|26|1013.2|-1296.2|196.3|481.3|54120.2|0
V24|78|22|1232.7|-1283.3|182|416.7|108711.2|0
V25|124|34|1306.5|-2019.8|290.5|826.2|124491.7|0
V26|466|223|2192.1|-3811.5|1090.7|1716|212855.8|0
V27|164|67|1061.3|-1545.6|385.3|519.2|66758.8|0
V28|522|171|3077.4|-4411.5|1220.3|1504.2|176005.4|0
V29|462|117|3309.1|-4413.7|1080.6|1390.8|241313.2|0
V30|252|37|2157.7|-2791.7|589.9|894|164901|0
V31|32|9|155.5|-331.9|75.3|176.4|13251.9|0
V32|223|67|1802.5|-2530.7|520.8|801.6|136916.9|0
LAB|CRUDEOIL1!|3|first=1745811000000|from=1745971200000|last=1750183020000|nD=35|uIn=0
V01|178|57|2769.2|-2388.7|381.7|475.8|331809.8|0
V02|191|60|1910.1|-2278.8|410.2|611.2|108374.1|0
V03|214|88|2682.8|-2416.8|459.7|619.6|199908.7|0
V04|197|73|2848.1|-2435.3|423.3|498.3|294414|0
V05|161|44|2754.4|-2309.5|345|562.4|347537.2|0
V06|155|45|2158.3|-2267.8|331.7|655.6|254919.7|0
V07|206|68|3119|-2808.9|441.2|525.1|275573.8|0
V08|200|63|2698.1|-2776.9|428.7|481.4|149947|0
V09|121|32|1516.1|-1777.6|260.5|521.5|129347.1|0
V10|217|65|3149.3|-3064.8|465|728.4|340710.7|0
V11|209|63|2609.1|-2267.7|448.2|544.1|243726.8|0
V12|70|19|715.2|-778|150.1|202.5|82310.2|0
V13|179|58|2814.9|-2405.5|384|459.8|316821.3|0
V14|174|55|2446.2|-2335.2|373.3|524|178211.1|0
V15|186|59|2616.8|-2517.9|398.5|504.1|230568.2|0
V16|70|22|646.2|-735.8|150.1|185.1|64196.5|0
V17|238|80|3039.9|-3083.3|512.4|861.3|283768.4|0
V18|196|63|2849.1|-2659.9|420.8|696.6|436305.9|0
V19|280|108|2214.7|-2961.1|604.3|996.9|126188|0
V20|72|26|889.2|-1222.7|154.7|636.9|120753.3|0
V21|71|18|999.6|-1348.3|152.6|748.9|160567.8|0
V22|63|19|713.7|-1190|134.7|746.5|116148.6|0
V23|101|34|1696.1|-1433.2|217.4|354.2|221108|0
V24|94|26|1902.2|-1502.7|201.8|470.6|357221.3|0
V25|132|42|2009.3|-1932|284.7|511.5|220585.7|0
V26|459|217|2627.3|-3636.5|990.9|1199|120611.6|0
V27|194|64|1233.8|-2146.5|419.9|1000.7|137201.7|0
V28|534|167|3536.6|-4139.5|1143.8|966.4|288842.7|0
V29|493|109|3477.6|-4555.8|1054.4|1409.4|347257.7|0
V30|351|51|2881.6|-3699.2|746.1|1108.4|277236.3|0
V31|31|7|168.5|-355.5|65.6|246.5|19655.8|0
V32|219|78|1935|-2241.5|469.7|527.7|80365.9|0
LAB|CRUDEOIL1!|3|first=1740972600000|from=1741132800000|last=1745949420000|nD=39|uIn=9
V01|196|59|1991.9|-2805.8|444.5|889.5|123414.4|1
V02|201|71|2090.6|-2337.1|454.9|339.6|99397.5|1
V03|234|95|1907.6|-2782.6|530.9|942.6|150677.2|2
V04|212|69|1931.5|-2912.7|480.9|1059|148987.3|1
V05|182|48|2121.8|-2744.4|412.1|763.4|140006.3|1
V06|158|47|1646.8|-2242.5|357|670.6|113606.4|0
V07|221|74|2639.6|-2852.4|501.5|473.6|115664.6|1
V08|217|67|2329.3|-2937.4|491.1|772.4|120234|1
V09|130|41|1263.9|-1802.7|294.5|717.1|130177.8|1
V10|223|71|2528.1|-3260.5|505.9|988.8|211390.6|1
V11|213|68|1947.2|-2656.8|481.9|800.2|147024.6|2
V12|77|28|808.8|-812|174.2|229.2|37139.8|0
V13|199|59|1991.9|-2864|451.2|927|124895.5|1
V14|187|56|1857.5|-2600.1|423.4|848|115437.9|1
V15|204|62|2450.9|-2812.4|462.5|742.3|193791.6|1
V16|78|31|761.1|-759.9|176.2|161.4|29944|0
V17|276|100|2944.5|-3340.3|623.2|719.1|233601.1|4
V18|222|76|2975.8|-2577.1|502.6|300.1|277564.8|4
V19|321|144|2606.9|-2915.1|724.1|441.2|168371.5|4
V20|63|26|868.3|-1168.2|140.4|516.8|123163.8|2
V21|55|15|880.6|-1221.9|122.8|573.8|131236.8|1
V22|52|24|782.3|-820|115.7|329.9|85643.5|1
V23|103|31|1122.4|-1979.2|231.9|878.8|134740.8|1
V24|94|23|1231.3|-1992.2|211.2|802.6|172370|1
V25|124|37|1369.2|-2328.8|278.2|981.6|178512.8|3
V26|490|231|2572.4|-3731.9|1107.6|1214.7|206705.7|2
V27|215|88|1615.2|-1934.7|484.9|476.2|91672.1|1
V28|560|166|3070.3|-4688.8|1264.8|1640.5|419846|1
V29|460|102|2997.5|-4390.1|1046.2|1392.6|492550.6|1
V30|313|47|2546.8|-3485.6|718.4|940.3|444911.3|0
V31|28|8|139.1|-208.3|63.5|126.8|5162.8|0
V32|225|82|1816.1|-2471.2|509.4|713.2|118318.7|2
LAB|BANKNIFTY1!|3|first=1779075900000|from=1779408000000|last=1789121340000|nD=79|uIn=0
V01|166|40|6356.7|-13967.2|3794.8|7973.3|3897904.4|0
V02|166|40|6356.7|-13967.2|3794.8|7973.3|3897904.4|0
V03|193|50|5880.7|-15825.4|4409.9|10166.1|3526346.4|0
V04|175|43|6329.9|-14872|3999.2|8842|3712431.9|0
V05|155|35|5905.2|-13522.7|3541.4|8188.5|4598314.8|0
V06|138|33|5423.2|-11782|3154.3|6893.8|2987930.2|0
V07|167|42|6430.4|-13934.3|3819.9|7866.6|4081175.9|0
V08|160|44|6364.5|-13505.3|3660.8|7421|4225711|0
V09|101|22|2636|-8405.7|2311.5|5769.7|1784323.4|0
V10|192|54|8714.2|-15892.1|4387.6|8059|5641978|0
V11|199|36|5329.2|-15514.1|4541.6|10464.4|3576701.6|0
V12|135|34|6090.1|-11765.2|3085.1|6222|3010439.2|0
V13|167|40|6352.1|-14314.6|3819.2|8325.3|4156289.2|0
V14|157|38|5596.8|-12639.3|3593.2|7508.1|3685931.7|0
V15|169|40|6582.1|-14250.2|3864.4|8175.6|4160853.1|0
V16|139|37|5940.6|-12037.1|3176.9|6433.7|2634797.9|0
V17|234|63|8053.2|-16860.1|5351.4|9338.8|3757119.6|0
V18|188|51|7098.4|-14824.8|4297.1|8256.4|4537000|0
V19|273|84|8485.6|-18234.6|6245.8|10143.2|4224292.8|0
V20|108|34|4616.1|-8534|2469.2|3917.9|1590135.3|0
V21|98|29|4056.5|-7791.4|2240.3|3734.8|2146110.5|0
V22|90|27|3491.5|-6737.6|2058.2|3360.8|1115364|0
V23|121|39|5545.2|-9444.9|2773|5235.9|2953877.4|0
V24|116|35|5142.1|-9367|2657.7|5303.7|3133945.4|0
V25|156|49|7260.9|-12963.9|3570.7|6149|3908950.3|0
V26|368|177|10519.8|-18315.1|8392.4|7795.3|3354996.3|0
V27|125|52|4913.5|-7823.9|2848.7|2910.5|1552314.9|0
V28|465|160|13889.8|-22594.3|10611.3|9003.6|4560544|0
V29|406|107|13573|-22221.8|9268.7|8648.8|4793184.6|0
V30|318|67|12184.9|-19031|7265.9|7190|5544052|0
V31|33|10|1038.4|-1613.4|755.2|914.3|221076|0
V32|202|44|6019|-15808|4608.8|10020|3391726.4|0
LAB|BANKNIFTY1!|3|first=1769485500000|from=1769817600000|last=1779357420000|nD=74|uIn=0
V01|160|54|12807.6|-16211.8|3633.7|3828.9|9255206.6|0
V02|160|54|12807.6|-16211.8|3633.7|3828.9|9255206.6|0
V03|184|74|13014|-16767|4172.6|4497.5|7114792.3|0
V04|170|62|13288.7|-16538.7|3861.5|4358.7|8343352.4|0
V05|157|52|14180.9|-16341.3|3563|3320|11185299.5|0
V06|129|41|10079.8|-13319.2|2931.5|3514.8|6748091.1|0
V07|168|59|14316.1|-16649.6|3811|3771.8|8968207.9|0
V08|164|61|15201.8|-15810.8|3722.4|3280.7|10670307.5|0
V09|113|35|8297|-12000.6|2572.3|4157.1|5447466.4|0
V10|176|61|15802.1|-18242|3990.3|3531.1|10815495.9|0
V11|186|61|13233|-15501.4|4224.7|3676.1|7212355.7|0
V12|128|41|10701.3|-13996.6|2905.1|3588.3|6973540.6|0
V13|162|57|13393.8|-16370.8|3677.3|3401.7|9506598|0
V14|152|53|12003.7|-15062.9|3451.9|4041.7|8187227|0
V15|163|56|13476.4|-16363|3700.1|3749.8|9148914.6|0
V16|131|46|10903.3|-13650.5|2974.9|4067.5|6137260|0
V17|224|82|15431.7|-20036.8|5080.9|5594.4|7557712.2|0
V18|199|72|15637|-18571.2|4510.5|4572.9|7167000.6|0
V19|252|105|14689.2|-20204.4|5738.1|6175.9|6664269|0
V20|92|32|6589.1|-8913.8|2083.9|3021.2|3504935|0
V21|89|28|7546.7|-9029.9|2012.3|2479.5|4899352.9|0
V22|64|22|4661.2|-6247|1444.6|1813|2464728.1|0
V23|109|43|10760.2|-11914.2|2466.5|2213.6|6316780|0
V24|101|39|11642|-11226.9|2287.8|2356.5|7499941|0
V25|141|58|12712|-15032.5|3192.1|3547.9|8127545.9|0
V26|406|181|16265|-28883.3|9139|12839.9|8324929.8|0
V27|143|49|7258.3|-12695.9|3214.6|5483.5|3333748.7|0
V28|531|182|21824.8|-32622.4|12013.5|11017.1|7816836.3|0
V29|445|107|20956.2|-31636.7|10058.5|10973.8|9518499.6|0
V30|335|64|19461.5|-25517.6|7587.1|7842.1|12286043.6|0
V31|27|14|1399.2|-1132.4|619.5|559.2|334730.1|0
V32|190|66|12932.6|-16318.5|4308.4|4180.6|7043344.8|0
LAB|BANKNIFTY1!|3|first=1759722300000|from=1760054400000|last=1769767020000|nD=76|uIn=0
V01|164|48|5609.5|-12090.4|3876.2|6908.3|3469404.2|0
V02|164|48|5609.5|-12090.4|3876.2|6908.3|3469404.2|0
V03|187|66|5800.9|-12608.9|4418.3|7101.6|3230695.5|0
V04|170|53|5723.1|-12185.1|4019.2|6800.5|3543718.4|0
V05|152|39|5227.6|-11966.1|3591.7|7271.6|3643641.1|0
V06|133|40|4651.2|-9636.2|3142.7|5182.7|2691515.5|0
V07|177|60|7886|-12184|4182.5|4799.3|3323610.9|0
V08|167|54|7311.2|-12214|3949.7|5352.9|3096693.7|0
V09|94|27|3526.4|-6713.2|2221|3385.6|1399164.5|0
V10|183|55|7249.1|-13651.2|4323|6855.6|4164212.7|0
V11|192|52|6004.9|-12313.2|4533.4|7011.2|3352676.9|0
V12|128|42|5447|-9524.9|3025.5|4645.2|2317915.1|0
V13|167|50|5745.6|-12259.4|3948.1|7075.7|3616860.6|0
V14|153|46|5431.7|-10797.8|3616.3|5799.4|2834342|0
V15|167|50|6030.4|-12343.7|3945.4|6902.5|3787887.8|0
V16|130|44|5059.6|-9422|3073.7|4799.6|2190402|0
V17|229|78|8394.5|-13955.5|5407.2|6725.3|3428856.6|0
V18|192|63|7419.8|-12424.9|4535.4|5698.6|3047167.8|0
V19|259|95|8041.2|-14977.4|6116.4|7759.3|3243877.3|0
V20|89|27|2913.2|-5938.7|2101.5|4006.5|1269179.4|0
V21|88|22|2817.2|-6443.8|2078.1|4530.5|1536207.3|0
V22|66|21|1651.9|-4202.9|1560.6|3123.3|668002.3|0
V23|106|28|3753.4|-8702.6|2505.4|5520.2|2224431.1|0
V24|103|23|3721.7|-8969.7|2434.4|5609.9|2519644.8|0
V25|133|42|5092.7|-9928.1|3142.2|5551.8|2658355.4|0
V26|406|202|8356|-17633.3|9588.3|9309|3250067.8|0
V27|148|59|4735|-8039|3494.7|3859|1338947.8|0
V28|467|164|10570.6|-19968.3|11035.1|9517.2|4359146.5|0
V29|404|115|11727.6|-19532.5|9548.6|8087.4|4204811.5|0
V30|293|61|9104.6|-16053.1|6926.6|8631.2|4513867.3|0
V31|21|6|321|-974.9|497.6|654|66189.7|0
V32|194|61|5946|-12201.5|4581.1|6859|3193761.7|0
LAB|BANKNIFTY1!|3|first=1750045500000|from=1750377600000|last=1760003820000|nD=77|uIn=0
V01|161|46|6194.2|-10240|3596.4|4434.5|2247629.1|0
V02|161|46|6194.2|-10240|3596.4|4434.5|2247629.1|0
V03|189|68|6459.7|-10545.8|4223.1|4643.6|1720775.6|0
V04|171|50|6144.2|-10685.4|3822|4881.7|2195886.6|0
V05|153|44|6550.9|-9817.2|3418.6|3790.4|2552332.6|0
V06|129|37|5641.9|-8282|2879.1|3328.9|1840970.3|0
V07|173|53|7457.4|-10710.2|3864.2|3904.4|2524992.7|0
V08|165|54|7821.4|-9848.5|3688|2771.7|2509448|0
V09|107|32|3775.9|-6488|2392.2|2773.1|1417655.7|0
V10|190|63|8554|-11813|4243.6|3978.9|2409158.1|0
V11|183|53|5844.4|-10304.9|4087.6|5274.2|2010357.2|0
V12|131|39|5616.1|-8734.9|2927.9|3664.3|2058074|0
V13|164|46|6218.1|-10679.7|3662.6|5048.1|2417473.6|0
V14|147|42|5657.1|-8962.4|3283.2|3715.8|1759363.1|0
V15|165|48|6316|-10468.9|3685.8|4541.6|2374016.3|0
V16|135|43|5590.4|-8766.9|3017.7|3860.2|1976142.4|0
V17|245|77|7916.7|-13623.8|5473.2|6457.7|2498547.4|0
V18|215|69|8896.7|-12153.4|4807.7|4581|3024505.6|0
V19|270|101|7638.3|-13505|6035.2|6348.9|2173109.7|0
V20|93|32|3611.1|-5571.7|2076.5|1960.6|919494|0
V21|83|26|3454.4|-5226.4|1852|1772|1035671.2|0
V22|75|28|3085.7|-4189|1674.6|1183.2|748865.3|0
V23|114|44|5097|-7539.9|2549.8|3021.2|1743243.2|0
V24|107|41|5659.8|-7198.5|2392.5|2116.4|2007073.5|0
V25|145|53|6200.3|-9664.6|3244.8|3798.1|1980189.9|0
V26|357|162|5917.1|-15019.8|7985.9|9124.6|2583361.5|0
V27|139|48|3165.6|-7020.1|3105.8|4000.1|1229551.5|0
V28|538|174|9869.2|-21536.1|12044.2|11766.5|4067801.2|0
V29|451|120|11288.8|-19920.7|10100|9141.7|4294196.7|0
V30|330|64|8941|-16178.1|7398|7280.3|4511305.3|0
V31|40|11|846.5|-1681.8|895|1007.6|181253.8|0
V32|189|55|5773.8|-10953.3|4222.4|5687.3|1959436.2|0
LAB|BANKNIFTY1!|3|first=1740368700000|from=1740787200000|last=1750327020000|nD=73|uIn=0
V01|159|55|8888.6|-12177.5|3389.7|3337.6|3953024.3|0
V02|159|55|8888.6|-12177.5|3389.7|3337.6|3953024.3|0
V03|178|70|8554.5|-12063.9|3790.2|3558.1|3182743.6|0
V04|163|59|8656.9|-12177.7|3473.8|3569.5|3708490.1|0
V05|146|48|7656.4|-11671.1|3113.7|4063.4|4134217.8|0
V06|133|43|6933.6|-10667.6|2841.8|3782.8|2790559.7|0
V07|159|53|8738.9|-12334.1|3385.7|3683.8|4257162.9|0
V08|156|53|8448.1|-12249|3321.7|3849.7|4294378.6|0
V09|95|28|4236|-7666.4|2022.3|3663.3|1821137.8|0
V10|172|52|9189.8|-14017.9|3668.1|4828.2|4701578.9|0
V11|179|56|7277|-12829|3822.9|5600.8|3466135.1|0
V12|121|42|7213.8|-9979.3|2577.9|2846.4|3425169.5|0
V13|162|56|9091.1|-12471.7|3453|3566.6|4365208.3|0
V14|151|52|8149.4|-11585.3|3219.7|3488.7|3509346.2|0
V15|162|56|9639|-12443.7|3452.8|2923.7|4571821.9|0
V16|123|45|7020.6|-9917.7|2622|2945.8|3159399.1|0
V17|216|73|10001.3|-15775.9|4615.9|5857.4|4162120.5|0
V18|185|58|9716.1|-13798.4|3951.5|4537.6|4268608.6|0
V19|248|94|10575.1|-16623.5|5288.5|6099.7|4054682.1|0
V20|76|27|4182.1|-5649.3|1624.6|1991.9|1775355.8|0
V21|73|23|3132.8|-5962|1560.7|2926|1607711.9|0
V22|62|23|3602.1|-4426.1|1325.3|1548.9|1422622|0
V23|94|37|5522.7|-7129.1|2014.5|2213.3|2242256|0
V24|90|36|6446.1|-6789|1929.1|1826.4|2819009.4|0
V25|118|49|7745.6|-8716.5|2519.9|1596.3|2627091.9|0
V26|337|157|9390.2|-17582.9|7173.8|8515.8|3231478.4|0
V27|121|38|3979.6|-9148.8|2585.1|5440.2|2192906.1|0
V28|503|153|13644.2|-26965.1|10742.1|13454.2|7536388.6|0
V29|427|106|14043|-25093.9|9112.8|11192.6|8448961.3|0
V30|310|59|10882.8|-20407.3|6625.9|9524.5|9048180.4|0
V31|34|13|768|-1740.3|726.1|1019.9|218406.7|0
V32|177|60|7507.6|-12548.3|3776.4|5132.5|3361319.8|0
LAB|BANKNIFTY1!|5|first=1771818300000|from=1772496000000|last=1789121100000|nD=131|uIn=0
V01|198|61|13147.2|-23353.4|4447.4|10983|11381779.7|0
V02|198|61|13147.2|-23353.4|4447.4|10983|11381779.7|0
V03|208|69|12753.1|-23092.7|4672.3|10526.4|8203006.3|0
V04|200|63|12412|-23183.8|4492.7|11590.2|10109741.3|0
V05|192|58|12799.9|-23228.4|4312|11225.5|11712224.9|0
V06|155|45|9702|-18395|3482.3|8692.9|8385158.3|0
V07|204|70|14386.1|-23967.6|4588.1|10297.2|12443136.3|0
V08|194|65|13563.6|-22532|4359.2|9998|12390513.3|0
V09|123|36|8097.3|-14052.5|2761.4|7944.1|5738884|0
V10|214|62|14337.2|-25733.6|4809.5|12595.3|12432914|0
V11|217|62|12835.6|-20969.8|4881|10367.9|8477077.4|0
V12|190|60|12873.8|-22344.4|4270.6|10525.8|10689101.9|0
V13|201|63|13869.6|-23518.8|4515.2|10981.5|11732182.5|0
V14|189|58|11609.4|-22156.9|4249.9|10857.1|11015540.2|0
V15|208|65|13906.5|-24174.9|4676.3|10901.6|11711054.1|0
V16|192|62|12138.6|-22174.7|4316|11133|9379999.8|0
V17|258|84|16422.5|-23443.4|5821.2|11081.1|8951864.4|0
V18|224|64|12660.4|-22872.2|5053.6|12187.3|8032789.4|0
V19|276|98|15772.6|-23626.9|6230.9|11095.8|7972599.9|0
V20|85|29|7921|-8562.6|1911.5|3267.2|4498433.4|0
V21|85|29|8922.8|-8562.6|1911.7|3125.5|5439922.7|0
V22|71|29|6814.4|-6156.1|1596.3|1768.1|3441900.5|0
V23|117|51|10428.4|-10622.5|2636.5|3989.3|5751164.2|0
V24|114|49|10248.3|-10505.9|2571.2|3789.1|6092817.2|0
V25|154|65|14028.6|-15213.2|3466.9|3796|7635062.5|0
V26|413|196|20522.7|-31713.1|9265.4|11342.9|9424152.6|0
V27|182|57|8913.7|-19464.4|4081.7|10678.9|7168721.8|0
V28|556|181|25437.3|-40327.1|12448.6|15154.2|12418874.8|0
V29|491|131|25979|-38877.6|10991.8|13435.3|16351173.4|0
V30|406|83|21209.5|-34729.8|9109.3|13922.6|21030348.6|0
V31|33|8|1334.5|-2377.9|741.4|1189.8|391650.8|0
V32|214|65|12681.2|-21541.2|4810.8|10573.1|7735803.6|0
LAB|BANKNIFTY1!|5|first=1756093500000|from=1756857600000|last=1772445300000|nD=124|uIn=0
V01|175|61|8740.1|-13280.5|4109.1|5543.7|4256900.2|0
V02|175|61|8740.1|-13280.5|4109.1|5543.7|4256900.2|0
V03|193|78|9399.8|-13082|4533.3|5460.3|3510559.5|0
V04|180|64|8915.4|-13394.3|4226.2|5428|4221672.7|0
V05|174|61|9628.7|-13157.2|4083.7|4994.1|4784086.1|0
V06|145|46|6457.8|-11518.3|3398.8|5559.6|3338902|0
V07|190|66|9903.7|-14109.6|4451.5|5670|4743668.4|0
V08|182|66|9337.1|-13473.1|4271.7|5835.8|4442033.5|0
V09|104|31|4555.8|-8119.1|2442.6|3695.9|2404925.7|0
V10|203|67|9918.8|-16046.9|4769.4|6705.3|5082956.8|0
V11|185|60|7580.4|-12974.5|4344.8|5629|3416661.3|0
V12|170|60|8728.3|-12892.1|3990.5|5200.2|3997156.9|0
V13|179|62|8664.9|-13832.5|4204.2|6107.8|4461311.6|0
V14|170|58|8279|-12498.8|3992.3|5436.7|4102183.7|0
V15|180|64|8983.3|-13596.7|4223|5616.7|4400693|0
V16|175|63|8903.6|-13005.9|4107.6|5084.5|3962761.4|0
V17|238|76|9191.1|-17189.7|5581.8|7998.6|4153881.8|0
V18|205|63|9414.6|-15765.6|4815.9|6350.9|4703734.6|0
V19|252|92|9559.5|-16958.8|5906.2|7399.4|3612711|0
V20|86|28|3532.2|-5804.5|2016.7|2272.3|1662536|0
V21|86|27|3913.6|-5946.4|2016.7|2032.8|2033602.3|0
V22|69|21|1756.7|-4785.2|1618|3028.5|943286.5|0
V23|115|37|4978.5|-9686.4|2700.3|5056.1|2898270.6|0
V24|112|32|4967.9|-9888.7|2629.3|5102.8|3079060|0
V25|141|50|6728|-11049.1|3306.3|4770|3762575|0
V26|396|186|11308.3|-20747.1|9256.6|9640.7|3596435.9|0
V27|172|54|6497.1|-11477.2|4007.1|5775.8|2345458.6|0
V28|478|167|14654.6|-24072.5|11205.2|10472.5|5538636|0
V29|416|124|14944.5|-23032.7|9754|9283.4|6225711.1|0
V30|345|96|15417.6|-19780.9|8087.9|5771.8|8796326.1|0
V31|35|13|1059.1|-1478.6|817.6|617.3|199447.2|0
V32|188|65|8004.1|-12837|4415.3|5296.1|3383819.5|0
LAB|BANKNIFTY1!|5|first=1740455100000|from=1741219200000|last=1756806900000|nD=121|uIn=0
V01|181|63|8477.3|-14319.6|3976.2|5850.4|3953691.4|0
V02|181|63|8477.3|-14319.6|3976.2|5850.4|3953691.4|0
V03|196|74|9369.9|-14671.7|4295.9|5309.9|3522618.2|0
V04|184|64|7994|-14507.8|4044.3|6521.9|3705844|0
V05|175|61|8745|-13918.3|3841.6|5181.4|4131476.3|0
V06|150|52|6691.8|-11828.9|3293.1|5145.2|3028226.9|0
V07|182|67|9415.1|-13998.4|3993.9|4609.6|3948269.7|0
V08|172|61|7749.8|-14081.9|3773.2|6485.6|3776644.3|0
V09|118|40|4722.3|-9009.4|2590.4|4346.9|2244689.6|0
V10|207|75|11096.9|-16694|4544.4|5898|4847088.8|0
V11|198|59|7918|-14477.5|4345.3|6560.9|3388880.5|0
V12|171|60|8350.3|-13785.1|3754.4|5442.9|3747334|0
V13|183|64|8511.4|-14715.4|4019.2|6212.1|4057473.1|0
V14|168|62|7800.2|-12757.3|3685.8|4965.2|3394139.3|0
V15|188|67|9217.1|-15013.3|4130.6|5797.6|4406843.1|0
V16|173|61|8078.8|-13940.4|3799.6|5869.6|3556575.1|0
V17|242|84|11979.3|-18249.1|5314.7|7580.9|5644333|0
V18|214|67|9985.7|-17260.7|4700.9|7435.5|4650839.1|0
V19|267|99|12445.9|-19364.1|5862.2|7962.5|5518886.8|0
V20|94|42|6134.7|-6641.4|2072|2296.8|2170031.8|0
V21|92|41|6626.1|-6578|2028.7|1952.4|2674984.3|0
V22|81|37|4632.9|-5208.8|1782.1|1640.6|1669217|0
V23|113|49|5573.1|-8341.7|2476.9|2768.7|2699406.1|0
V24|112|48|5860.3|-8341.7|2455.3|2512.1|2652663.4|0
V25|145|60|7488.6|-11211.5|3187.2|3722.9|3619642.1|0
V26|351|152|11087.5|-22217.8|7692.3|11137.7|4927529.9|0
V27|135|50|6621.8|-10220.9|2944.1|4273|2545930.5|0
V28|516|166|16744.7|-28883.9|11299.5|12518|5466725.4|0
V29|446|118|16732.4|-27718.9|9752.6|11958|6808895|0
V30|354|83|15464.3|-23002.9|7767.8|8351.9|7833608.3|0
V31|34|12|1076.5|-1791|757.5|898.6|335724.8|0
V32|204|66|9154.8|-14775.7|4466.7|5622.3|3583731.3|0
LAB|BANKNIFTY1!|5|first=1724816700000|from=1725494400000|last=1741168500000|nD=126|uIn=0
V01|182|65|14022.9|-16322|3725.2|4553.9|6995090.2|0
V02|182|65|14022.9|-16322|3725.2|4553.9|6995090.2|0
V03|193|77|13567.4|-16254|3951.5|4046.1|5469375.3|0
V04|184|68|13827.2|-16480.6|3765.8|4503.9|6539018.5|0
V05|176|61|14078.3|-16113.3|3603.1|4982|7743399|0
V06|144|54|11362.9|-12628.8|2945.7|2971.5|4904125|0
V07|187|67|14621.6|-17235.6|3826.6|4643.8|7742974.1|0
V08|183|71|13275.5|-16356.3|3747.1|5840|7173547.9|0
V09|107|38|8735.2|-9465.3|2193.7|2091.8|4652544.9|0
V10|202|73|16375.6|-18671.7|4136.9|4903.7|8834526.4|0
V11|199|64|12849.5|-15337.3|4076.8|4369.6|5877226.3|0
V12|173|63|13877.1|-15645.5|3539|4267.7|6641832.6|0
V13|186|66|13955.9|-16879.2|3806.8|5317|7181229.1|0
V14|171|64|13298|-15176.5|3499.2|3860.9|6629615.1|0
V15|190|66|14253|-17430.1|3889.5|5547.2|7489685.6|0
V16|173|66|13681.4|-15535.2|3539.1|3918.2|6063296.3|0
V17|240|82|14821.2|-21321|4923.4|6929.4|7711322|0
V18|222|71|14440.4|-20468.7|4554.7|6824.7|8131114.5|0
V19|253|93|13404.2|-21482.6|5192|8503.1|6631340|0
V20|101|36|6024.2|-7497.2|2067.9|1989.7|2823635.3|0
V21|100|33|5161.4|-7858.3|2047.4|2907.3|2790234.3|0
V22|86|34|5643.6|-5700.3|1759.5|1192.4|2344314.1|0
V23|112|41|6390.5|-9179|2282.1|3906|3371511.5|0
V24|111|41|6545.3|-8962.2|2262.5|4137.2|4108972.4|0
V25|149|58|8390.6|-12762.9|3047.1|5966.7|4879696.1|0
V26|434|208|19313.8|-29090.2|8855.8|9991.7|7657857.3|0
V27|168|63|8984.7|-13665.9|3437.2|5090.3|3098723.7|0
V28|538|194|24539.1|-32989.1|10991.9|9478.4|7089280.7|0
V29|467|131|21827.5|-32892.6|9553.2|11728.6|9713640.9|0
V30|405|85|16798.3|-31360.2|8292|15150.5|11962993|0
V31|36|14|1231.6|-1894|738.6|668.9|248400.4|0
V32|201|71|13979.6|-15956|4118.7|3971.9|5967226.2|0
LAB|BANKNIFTY1!|5|first=1709091900000|from=1709769600000|last=1725443700000|nD=121|uIn=0
V01|160|53|8937.7|-15086.5|3188.4|6597.4|5494477.1|0
V02|160|53|8937.7|-15086.5|3188.4|6597.4|5494477.1|0
V03|176|62|9513|-16079.3|3510|6966.8|5112690|0
V04|164|57|8956.9|-15234.4|3267.8|6865.9|5141729.9|0
V05|158|52|9688.2|-15040.1|3149.4|5948.4|6198870.9|0
V06|131|43|7198.4|-12845.5|2609|5899.2|5881885.8|0
V07|177|57|10303.3|-17260.3|3529|7436.2|7100884.5|0
V08|159|57|9475.1|-14401.4|3159.4|5405.5|5183818.1|0
V09|100|37|6536.5|-7992.1|1989|2587.5|3937353.3|0
V10|180|61|12491.3|-16962.4|3590.3|5193|10151957.9|0
V11|182|51|8390|-15611.4|3623.6|7485.1|4585904.8|0
V12|154|51|8828.3|-14812.1|3069.4|6432.3|5335275.4|0
V13|163|55|9078.4|-15617.7|3247.9|6987.9|5728392.8|0
V14|143|51|8124.7|-13074.2|2850.3|5398.1|4550156.9|0
V15|164|55|9006.5|-15650|3268.5|7092.1|5693313.3|0
V16|156|55|8847.5|-14636.5|3107.5|6377.4|4919355.5|0
V17|244|76|13203.7|-21864.7|4857.2|8976.6|9844609.4|0
V18|227|72|13750.7|-21607.2|4509.7|8204.7|11139846.5|0
V19|275|97|14193.7|-23059|5467.7|9035.2|9970276.7|0
V20|110|41|7006.8|-8293.3|2197.6|2603.5|2662336.1|0
V21|108|39|7598.2|-8345.1|2157.5|1889.7|3267388.8|0
V22|86|35|6053.8|-6340.4|1717.3|2197.5|2758660.9|0
V23|109|40|8114.5|-10324.1|2166.8|2904.3|7089416.1|0
V24|107|40|7897.1|-10158.3|2126.9|2812|6706616.2|0
V25|134|53|10325.5|-11853|2662.9|1820.4|7529567.9|0
V26|381|192|17522.2|-25289|7582.3|8175.9|5233904|0
V27|146|58|7744|-12749.8|2909.5|5056.2|3783287.2|0
V28|453|158|18231.8|-29084.7|9013.1|11825.6|9136067.2|0
V29|391|107|16793.5|-28089.5|7778|11681.1|11778420.2|0
V30|331|79|15780.8|-25361.1|6577.2|10143.9|12607951.7|0
V31|38|16|2122.5|-2243.8|751.1|924.1|619451.5|0
V32|176|54|8671.8|-15375.5|3508.6|6935.7|4515870.6|0
LAB|NIFTY|5|first=1771818300000|from=1772496000000|last=1789119600000|nD=131|uIn=0
V01|180|52|4334.8|-7867.4|1719.8|3953.1|1264553.7|0
V02|180|52|4334.8|-7867.4|1719.8|3953.1|1264553.7|0
V03|200|64|4171.5|-8226.8|1912|4270.7|1051461|0
V04|187|54|4189.3|-8102.9|1786.8|4288.5|1191082.2|0
V05|177|49|4406.6|-7903.5|1690.9|4036.8|1351243.7|0
V06|147|41|3251|-6363.2|1406.3|3619.5|975874.7|0
V07|187|60|4899.6|-7864.8|1788.1|3349.2|1327978.3|0
V08|178|61|5013.2|-7282.5|1700.6|2614.6|1190657.1|0
V09|128|38|3202.7|-5218.4|1225.3|2316.4|826513.9|0
V10|203|63|5641.9|-8753.3|1938.7|3940.1|1415630.1|0
V11|209|53|3640.4|-7892.2|1999.1|4548.2|990393.7|0
V12|175|50|4179.2|-7774.9|1671.9|3939.3|1200703.1|0
V13|182|57|4712.3|-7752.3|1738.5|3651.2|1208225.8|0
V14|173|52|4254.5|-7258.7|1653.5|3512.3|1229628.8|0
V15|183|52|4380.2|-8019.3|1748.8|4059.6|1314460.4|0
V16|179|51|4010.9|-7902.6|1710.3|4189.6|1123578.7|0
V17|271|80|5168.5|-9880.5|2593.8|5144.2|1185412.7|0
V18|238|65|4467.1|-9417.9|2278.1|5230.4|1156364.1|0
V19|288|102|5070.9|-9749.8|2756.7|4910|917761.9|0
V20|91|34|2681.8|-3084.6|868.8|1383.6|501931.9|0
V21|87|32|2906.9|-2998.4|830.3|1193.1|630981.9|0
V22|76|29|2352.6|-2451.4|726.1|931.1|390432|0
V23|107|40|2956.4|-4017.8|1021.5|1765.6|622380.5|0
V24|105|40|3043.8|-3936.8|1002.2|1627.9|651517.1|0
V25|141|55|3876.9|-5397.3|1346.6|2315.4|793328.8|0
V26|424|200|6264.5|-11107.5|4051.7|4998.9|1109509.7|0
V27|163|62|3944|-5155.5|1554.8|1489.4|554930.9|0
V28|638|200|8205.4|-15796.2|6098.8|8136.6|1644754.7|0
V29|562|130|8552.6|-15445.1|5373.6|7518|2007500.2|0
V30|448|78|8282.4|-13262|4282.6|5383.7|2530959|0
V31|46|20|752.2|-1032.6|438.9|481.7|88566.4|0
V32|209|53|3730.8|-8233.2|1998.2|4812.6|999511.9|0
LAB|NIFTY|5|first=1755488700000|from=1756166400000|last=1772445300000|nD=129|uIn=0
V01|166|60|3963.5|-5268.1|1697.8|1304.6|803240.7|0
V02|166|60|3963.5|-5268.1|1697.8|1304.6|803240.7|0
V03|181|75|3643.1|-5395.1|1851|1752.1|637036.4|0
V04|168|63|3639.4|-5255.3|1717.6|1615.9|730016|0
V05|160|56|3959.8|-5198.8|1636.2|1238.9|812398.2|0
V06|141|58|3585.8|-4307|1440.5|721.2|679862|0
V07|179|66|4246.7|-5684.4|1830.7|1639|819985|0
V08|173|66|4571.6|-5356.5|1768.8|1294.9|754367.3|0
V09|103|39|2651.9|-2871.2|1054.8|762|483105.3|0
V10|205|74|5213.4|-6833.5|2094|1788.8|961178.8|0
V11|183|64|3678.6|-5263.8|1870.3|1587.7|587414.1|0
V12|160|57|3891.2|-5162.4|1636.6|1271.1|785371.7|0
V13|169|60|3963.5|-5406.4|1728.9|1442.9|813906.1|0
V14|149|58|3847.5|-4439.9|1523.3|740.9|728417.5|0
V15|174|62|4076.4|-5563.8|1779.2|1487.4|794545.2|0
V16|162|60|3567.1|-5149.6|1656.4|1582.5|712152.2|0
V17|241|95|4851|-6533.2|2465.7|1755.2|845585.9|0
V18|202|75|4450.6|-5816.2|2063.3|1446.3|773420.6|0
V19|271|116|4786.2|-6887.2|2772.5|2203.1|731318.1|0
V20|83|31|1636.2|-2574.4|846.8|1404.8|318784.4|0
V21|82|27|1601.1|-2654|836.9|1454|328576.8|0
V22|66|24|1217.5|-2064.6|674.2|1281.3|216930.7|0
V23|124|48|2864.7|-4173.1|1267.9|1465.8|503057.7|0
V24|119|44|2916.1|-4127.7|1217.2|1249.6|582362.5|0
V25|149|60|3532.1|-4654.3|1522.8|1176.4|633641.6|0
V26|398|168|3844.9|-9863.2|4069|6246.8|763626.1|0
V27|159|57|2405.4|-4317|1621.9|2114.3|325258.6|0
V28|658|222|7434.2|-13725.1|6728.1|6613.7|1130666.1|0
V29|573|163|8549.3|-12928.1|5857.6|4996.7|1469509.9|0
V30|430|99|6836.3|-10312.7|4396|3644.4|1684555|0
V31|30|13|426.9|-487.2|306.5|237.1|32630.1|0
V32|185|67|3546.9|-5440.4|1891.1|1893.5|556955.9|0
LAB|NIFTY|5|first=1738554300000|from=1739232000000|last=1756115700000|nD=132|uIn=0
V01|175|70|4419.3|-5137.2|1698.4|1309.9|706394.9|0
V02|175|70|4419.3|-5137.2|1698.4|1309.9|706394.9|0
V03|188|80|4229.1|-5265.4|1820.5|1333.5|590934.9|0
V04|178|71|4245.9|-5234.7|1727.3|1404.2|632865.8|0
V05|170|66|4361.7|-4977.4|1650.6|1248.2|708151.4|0
V06|143|48|2697.5|-4496.1|1391|1895.7|487252.9|0
V07|193|71|4512|-6306.8|1871.7|1970.1|885851|0
V08|194|74|4980.9|-6338.3|1882.5|1532.8|998981.7|0
V09|111|43|2891.5|-3241.4|1070.6|795.1|446000.9|0
V10|196|77|5173.5|-6223.9|1897.3|1247.8|882526.2|0
V11|189|69|4099|-5102.6|1832.5|1533.9|646146.1|0
V12|172|69|4389.9|-5079.4|1669.3|1345|671912.1|0
V13|176|71|4761.9|-5206.2|1707.3|1235.8|705001|0
V14|166|65|4076.8|-4937.5|1608.4|1319.1|690724|0
V15|181|71|4500.5|-5412.5|1756.7|1340.9|748650.9|0
V16|175|70|4216.5|-5176.9|1698.2|1439.3|599683.6|0
V17|237|93|6245.1|-6617.5|2292.6|886.1|992388.6|0
V18|200|74|5520.3|-6126.7|1934.1|1035.4|966399.7|0
V19|264|105|5580.6|-7105.7|2557.1|1695.5|766712.4|0
V20|99|39|2293.4|-2951.3|958.7|1148.3|411149.6|0
V21|98|37|2597.5|-3015|948.7|1003.4|589318.3|0
V22|83|35|1960|-2309.9|805.4|768.2|321360.6|0
V23|109|41|2570.7|-3167.2|1049.2|1117.2|433346.2|0
V24|107|40|2706.7|-3090.1|1030.9|1020.9|510954.7|0
V25|143|51|3204|-4378.6|1381.9|1402.5|522018.5|0
V26|438|210|6202|-10613.6|4249.4|4411.6|994686.8|0
V27|165|63|3056.8|-4990.2|1596.3|2242.6|499859.3|0
V28|592|186|7150.8|-13931|5730|6793.1|1158712.5|0
V29|511|126|7102.9|-13378.8|4946.8|6288.9|1170035.6|0
V30|425|94|7228|-11513.4|4125.2|4411|1445125.5|0
V31|41|14|457.2|-966|401|538.4|62899.2|0
V32|192|74|4192.4|-5104.4|1860.8|1358.3|608175.1|0
LAB|NIFTY|5|first=1722224700000|from=1722902400000|last=1739181300000|nD=131|uIn=0
V01|179|74|5398.5|-5990.1|1743.9|1243.2|1116429.9|0
V02|179|74|5398.5|-5990.1|1743.9|1243.2|1116429.9|0
V03|200|90|5659.3|-6071|1949.1|929|1001071.4|0
V04|182|78|5406.6|-5848.1|1773.8|1222.1|1104597.6|0
V05|174|70|5391.8|-5804.2|1695.4|1154.8|1220013|0
V06|146|58|4251.1|-4580.1|1419.2|842.1|727056.3|0
V07|196|81|6131.3|-6479|1910.5|1427.7|1081009.3|0
V08|181|78|6326.9|-6001.7|1760.8|1240.1|1163015.4|0
V09|103|39|2766.8|-3068.5|1005.5|943.9|542583.8|0
V10|205|80|6124|-7486.1|1996.3|1549.8|1370708.7|0
V11|198|77|5904.8|-5879.3|1929.9|1034.2|998767.7|0
V12|172|71|5348.2|-5686.3|1675.3|1096.1|1091934.6|0
V13|185|73|5483.5|-6333.5|1803.1|1469.4|1165296.6|0
V14|166|67|4542.1|-5591.6|1618.6|1372.5|999058.5|0
V15|183|76|5592.1|-6136.5|1782.1|1242.7|1136882.6|0
V16|175|75|5356.2|-5544.3|1705.1|1075.1|1068023.7|0
V17|240|91|6349.9|-7391.3|2336.1|1771.6|1090841.3|0
V18|209|81|6360.9|-6455.9|2032.2|1615.8|1119828.6|0
V19|262|110|6379.9|-7504.3|2550.3|1715.2|1009483.1|0
V20|95|33|2329.2|-2855.9|925.3|742.3|422286.5|0
V21|95|33|2859.6|-2855.9|925.2|560.9|582825.6|0
V22|75|26|2016.9|-2270.4|731.1|686.1|363390.2|0
V23|120|47|3457.4|-3985.2|1171.7|786.5|683576.2|0
V24|117|44|3527.3|-4046.3|1141.9|890.7|772566.6|0
V25|141|53|4114.9|-4224.9|1375.8|702.2|741388.9|0
V26|419|187|6073.7|-11450.6|4072.1|5505|1207482.9|0
V27|178|73|3672.6|-5247.5|1733.6|1844.7|493146.8|0
V28|634|204|8590.3|-16062|6174.4|7608.9|1881615.3|0
V29|562|152|8882.8|-15570.8|5472.7|6875.8|1928933.4|0
V30|441|105|9010.1|-13050|4290.6|4582.8|2595087.6|0
V31|55|16|693.9|-1494|533.4|874|112051.5|0
V32|199|84|5804.6|-5739.2|1938.8|822.9|935594.4|0
LAB|NIFTY|5|first=1705290300000|from=1705795200000|last=1722851700000|nD=132|uIn=0
V01|183|65|4532.8|-6758.2|1669.8|2447.8|953007.9|0
V02|183|65|4532.8|-6758.2|1669.8|2447.8|953007.9|0
V03|193|75|4170.7|-6706|1762|2811.9|753656.1|0
V04|188|69|4485.6|-6776.3|1715.2|2490.8|846985.6|0
V05|179|62|4699.8|-6737.9|1633.9|2333.3|1041061|0
V06|150|55|3942.3|-5157.7|1370.7|1644.8|1081255.2|0
V07|196|75|5560.7|-6764.3|1788.9|1614.7|1118006.1|0
V08|197|66|4887.8|-7559.8|1797.2|2839.2|1050950.1|0
V09|113|35|2002.5|-4140.7|1031.9|2309.6|587464.5|0
V10|216|83|6411.9|-8113.2|1966.7|2427.3|2050075.7|0
V11|204|68|4291.6|-6489.7|1863.5|2426.4|738881.9|0
V12|177|65|4532.8|-6537.2|1616|2259|896788.4|0
V13|186|67|4678.3|-6855.2|1696.6|2404.2|971500|0
V14|173|60|4354.9|-6424.9|1578.4|2292.4|957137.9|0
V15|192|66|4603.7|-7118.2|1751.6|2710.5|984364.4|0
V16|180|68|4456.5|-6538.8|1643.4|2314.7|786113.6|0
V17|260|83|4736.1|-9160|2372.4|4555.5|1143243.6|0
V18|236|77|4877.8|-8270.4|2156.6|3520.5|1142011.5|0
V19|279|98|4315.3|-9347.7|2547.2|5118.9|994163.2|0
V20|98|36|2049.4|-3505.2|896|1565.1|509420.7|0
V21|98|35|2278.7|-3558.7|896|1434|597925.4|0
V22|74|34|1924.3|-2221.2|675|574.6|385176.1|0
V23|122|54|3299.2|-4245.3|1112.4|1557.5|923774.7|0
V24|117|47|3076.7|-4361.5|1067.8|1990.1|924155.2|0
V25|159|61|4375.1|-5906.2|1448.2|2040|1507054.3|0
V26|408|186|6358.8|-10816.1|3715.4|4790.9|1095723|0
V27|160|55|3108.1|-5649.1|1453.7|2638.9|462191.8|0
V28|593|194|8385.3|-14434.4|5417.1|6117.9|1621013.6|0
V29|541|144|9124.5|-14292.2|4937.3|5207|2118393.9|0
V30|432|101|8743.7|-11958.5|3945.5|3254.2|2371924.3|0
V31|38|12|468.5|-988.8|349.4|543.7|75880.9|0
V32|203|72|4427.9|-6514.6|1854.8|2299.9|731549.2|0
LAB|NIFTY|3|first=1779075900000|from=1779408000000|last=1789119720000|nD=79|uIn=0
V01|155|45|2990.3|-4766|1486.8|2306.2|645441|0
V02|155|45|2990.3|-4766|1486.8|2306.2|645441|0
V03|180|61|2400.9|-4825.8|1727.9|2431.4|418691.6|0
V04|162|51|2780|-4597.8|1554.6|2177.3|489898.7|0
V05|142|37|2863.3|-4690.8|1361|2220.2|729934.1|0
V06|120|34|2183.4|-3822.7|1151.2|1972.3|438813.5|0
V07|165|48|3156.7|-4848.6|1582.8|2166.1|562404.3|0
V08|153|46|3117.2|-4752.3|1467.4|2332.5|595305.6|0
V09|100|28|1813.9|-3064.9|959|1681.8|345805.1|0
V10|173|54|3600.2|-5181.7|1658.5|1942.6|572398|0
V11|182|48|2549.7|-4853.7|1746.4|2561.8|535607.7|0
V12|130|38|2545.8|-4152.7|1247.6|1781.6|526706.4|0
V13|156|44|2956.4|-4866|1496.3|2372.1|616101.4|0
V14|147|40|2506|-4526.8|1410.6|2393.8|548314.5|0
V15|159|46|3042.2|-4891.9|1524.8|2378.9|672492.3|0
V16|134|44|2320.8|-3873.7|1286.5|1710.5|372995|0
V17|229|60|2884.7|-6641.5|2198.1|3756.9|635667.2|0
V18|194|49|2823.3|-5687.2|1862.1|2948.1|538790.2|0
V19|265|83|2988.5|-6885.5|2546.1|3897.1|544940.7|0
V20|95|23|1281.4|-3048.6|912.9|1767.3|269305.6|0
V21|86|18|1231.9|-2911.3|825.8|1679.3|275929.8|0
V22|76|18|918.9|-2547.2|730.5|1628.2|196931.4|0
V23|131|34|1926.9|-4244.7|1257.8|2522.2|429030.6|0
V24|125|27|1810.6|-4460|1199.8|2890.4|450363.7|0
V25|140|45|2659.9|-4324.9|1342.6|2057.1|472958.4|0
V26|396|199|2969.4|-6778.9|3802.5|3830|541839.7|0
V27|153|60|1759.3|-3278.1|1470|1605.4|211953.7|0
V28|617|208|4637.8|-10886.9|5924.4|6413.1|1037913.8|0
V29|512|121|4869.7|-10301|4916.4|5457.5|940500.3|0
V30|368|58|3988.5|-8467.9|3533.1|4483.1|780460|0
V31|35|11|219.5|-672.4|336.2|469.5|24688.2|0
V32|186|52|2538.2|-4789.2|1786|2628.2|481194.5|0
LAB|NIFTY|3|first=1768794300000|from=1769126400000|last=1779357420000|nD=79|uIn=0
V01|160|51|4100.7|-6143.2|1561|2042.6|966819|0
V02|160|51|4100.7|-6143.2|1561|2042.6|966819|0
V03|180|66|3754.6|-6477.9|1754.2|2723.3|714572.6|0
V04|168|56|4151.9|-6297.6|1639.3|2145.7|954547.9|0
V05|155|44|4053.9|-6133.6|1511.8|2079.7|1065437.4|0
V06|136|42|3318.3|-5285.8|1324.3|1967.4|841637.5|0
V07|167|58|4968.9|-6344.7|1624.1|1375.9|905665.5|0
V08|159|62|5276|-5713.9|1546.8|775.5|907106.7|0
V09|97|32|2494.7|-3446.1|945.7|1110.5|461795.4|0
V10|182|60|4978.3|-6992.7|1773.3|2082.6|1138393.5|0
V11|177|49|3386.6|-6311.7|1729.7|2929.2|907143.5|0
V12|132|41|3507.6|-5425.3|1285.3|1926.5|865731.3|0
V13|163|50|4063.8|-6423|1589.1|2359.2|1021435.7|0
V14|155|47|3890.4|-6010.6|1511.4|2120.2|962779.9|0
V15|165|52|4256.5|-6345.5|1611.1|2089|1004908.6|0
V16|136|46|3616|-5422.6|1323.3|1823.7|850039.6|0
V17|244|85|5641.6|-7908.9|2386.4|2523.4|849284.7|0
V18|198|63|5111.2|-6973.5|1933.1|2093.3|852177.5|0
V19|281|116|5745.7|-8182.6|2746.7|2698.7|890491.3|0
V20|90|34|2340.9|-3108.3|877.4|802.5|443280.5|0
V21|86|30|2560.7|-3087.9|838.5|806.1|565166.1|0
V22|64|23|1663.8|-2313.8|625.4|697.4|318587.3|0
V23|115|49|4280.4|-4018.9|1120.3|953.4|683610|0
V24|110|46|3973.2|-3890.5|1072.3|824|726438.4|0
V25|138|55|5094.4|-5018.6|1343.9|777.9|906353.2|0
V26|423|212|5729.6|-9729.1|4110|4098.5|824703|0
V27|164|68|3420.7|-4430.7|1594.1|1099.6|524562.8|0
V28|633|209|7620.6|-14519.5|6148.8|7092|1887009.9|0
V29|546|139|8016.2|-14024.3|5304.6|6228.7|1789581.3|0
V30|411|62|6123.8|-12131.9|3980.9|6156.8|1937189.3|0
V31|35|11|321.8|-826.8|339.7|552.3|54715.9|0
V32|180|52|3351.7|-6554.8|1758.2|3205.6|925688.7|0
LAB|NIFTY|3|first=1758512700000|from=1758844800000|last=1769075820000|nD=80|uIn=0
V01|160|66|3842.6|-4066.7|1648.5|922.3|513413|0
V02|160|66|3842.6|-4066.7|1648.5|922.3|513413|0
V03|190|82|3129.4|-4504.1|1957.8|1726.5|392998.6|0
V04|174|74|3679.8|-4262.8|1793.8|966.9|421351.1|0
V05|150|56|3558.9|-4036.6|1545.5|1061.1|573109.1|0
V06|135|56|3291.7|-3439.6|1391.2|884.3|440119.3|0
V07|173|68|3879.5|-4479.1|1782.8|867.6|423951.4|0
V08|170|68|3875.5|-4353.4|1750.7|928.1|396271|0
V09|105|47|2626.6|-2423.9|1082.1|338.8|288819.6|0
V10|182|72|4286.8|-4727.4|1875.1|1118.7|622359.8|0
V11|180|68|3163.6|-4266.3|1856.2|1565.9|429775.2|0
V12|131|58|3618.9|-3311.7|1349.1|619.6|423972.1|0
V13|161|65|3820.3|-4192.5|1658.7|1087|542624.7|0
V14|145|60|3483.4|-3616.8|1495.3|781|444247.7|0
V15|163|69|4004|-4060.1|1679.1|812|484081.4|0
V16|137|63|3362|-3337.4|1411.1|508.3|375316.3|0
V17|241|88|3605.6|-5528.6|2482.1|2208.4|550311.2|0
V18|186|63|3401.3|-4400.5|1915|1774.5|433512.4|0
V19|269|108|3268.8|-5914.6|2769.6|2725.7|506908.1|0
V20|76|36|1444|-1627.1|782.3|536.7|166552.9|0
V21|75|30|1493.5|-1702.8|772|639.3|189603.2|0
V22|63|29|1064|-1387.9|647.9|549.9|139876.8|0
V23|107|45|2402.9|-2648.3|1101.2|716.2|291829.7|0
V24|97|35|2048.1|-2711.7|998.7|906.9|305683.2|0
V25|132|56|3178.3|-3247.8|1359|840.4|425340.8|0
V26|462|228|3257.3|-8041.6|4757.3|4859.8|659434.2|0
V27|165|69|2036.8|-3275.5|1702|1396.9|226617.7|0
V28|676|241|5616.7|-11597.6|6959.6|6066.8|1116890.8|0
V29|587|164|6261.6|-11219.7|6045.6|4994.5|1248685.6|0
V30|434|79|5136.2|-9404.2|4472.1|4532.8|1319151.8|0
V31|36|11|257.9|-650.6|371.2|412.9|31454.5|0
V32|192|76|3205.3|-4443.4|1980.3|1558.7|370779.2|0
LAB|NIFTY|3|first=1748835900000|from=1749168000000|last=1758794220000|nD=78|uIn=0
V01|169|49|2721.6|-4574|1689|2004.4|375314.8|0
V02|169|49|2721.6|-4574|1689|2004.4|375314.8|0
V03|193|65|2361.1|-4836.2|1929.4|2559.2|342217.1|0
V04|180|54|2608.5|-4745.5|1799.2|2371.1|377816.1|0
V05|151|41|2545.7|-4256.7|1508|1871.8|403484.6|0
V06|138|38|1996.1|-3856.6|1379.3|2072.1|277104.3|0
V07|172|52|2831.3|-4540.6|1718.2|1817.1|398080.2|0
V08|176|50|2783.7|-4701.4|1758.3|2051.9|408189.2|0
V09|118|40|1825|-2825.6|1179.8|1165.2|254138.2|0
V10|188|62|3499.7|-4947.2|1878.3|1570.5|449336.3|0
V11|189|56|2709.6|-4515.2|1889.4|1947.2|356751.1|0
V12|139|39|2261.2|-3938.4|1389.9|1721.3|337840|0
V13|169|50|2799.1|-4549.1|1689|1859|375838.8|0
V14|156|37|2071.8|-4419|1559.4|2456.3|331183.1|0
V15|167|49|2588.7|-4557.2|1669.7|2122.5|352068.6|0
V16|143|43|2221.4|-3905.3|1429.9|1941.5|344458.8|0
V17|227|74|3425.5|-5213|2269.4|2136.5|419171.4|0
V18|201|58|3155.2|-4916.5|2009.2|2046.4|391602.4|0
V19|267|99|3186|-5540.3|2670|2532.9|403812.1|0
V20|97|33|1622|-2458.6|969.2|976.5|271872.1|0
V21|93|28|1833.7|-2482.3|929.1|935.5|310730.4|0
V22|71|24|1145.2|-1885.7|708.8|947.5|200925.3|0
V23|112|35|1466|-3050.6|1119.1|1730.9|242527.8|0
V24|104|27|1196.8|-3089.4|1039.1|1964.4|234450.4|0
V25|133|42|2092.6|-3568.2|1328.6|1526.7|299967.9|0
V26|409|187|2268.4|-7246.1|4087.5|4977.7|666112.2|0
V27|162|57|1549.4|-3453.1|1618.6|1903.6|206106.7|0
V28|603|198|3932.4|-10360.7|6026|6428.4|949920.7|0
V29|522|125|4099.4|-10276|5215.6|6195.5|966290.8|0
V30|390|57|3073|-8672.7|3899.7|5713.6|1005871.8|0
V31|39|18|370.1|-499.3|390|231|23170.1|0
V32|194|58|2461.7|-4748.5|1939.8|2422.8|345720.9|0
LAB|NIFTY|3|first=1738554300000|from=1738886400000|last=1749117420000|nD=78|uIn=0
V01|175|61|3816.4|-5663|1654.4|2135.2|573731.2|0
V02|175|61|3816.4|-5663|1654.4|2135.2|573731.2|0
V03|191|78|3361.6|-5555.4|1804.5|2361.6|564493.9|0
V04|177|64|3463.6|-5635.2|1673.4|2377.7|556123.9|0
V05|163|58|3846.9|-5292.1|1540.3|1924.9|628241.2|0
V06|148|48|2918.9|-4801.2|1400.4|2136.7|445515.2|0
V07|179|62|3890|-5924.3|1691.8|2297.9|704487.8|0
V08|170|64|3956.3|-5342.7|1606.2|1691.8|685867.3|0
V09|119|39|2404.6|-3776.4|1126.9|1601.8|425080.6|0
V10|192|68|4289.7|-6216.8|1815.1|2229.1|594928.7|0
V11|191|63|3437.4|-5372.3|1806.6|2118.9|519939.5|0
V12|138|45|2831.1|-4918.4|1302|2472.6|597068.1|0
V13|176|62|3845.2|-5696.8|1664.1|2140.1|571430.7|0
V14|160|55|3459.1|-5076.1|1514|1885.2|478966.4|0
V15|174|63|3877.2|-5620.3|1644|2031.7|615233.6|0
V16|138|46|2555.6|-4890|1301.9|2637.2|555105.3|0
V17|218|74|3907|-6603.1|2062.3|2985.7|724510|0
V18|182|59|3562.6|-5670.5|1725.1|2410.3|612142.1|0
V19|233|88|3892|-6469.5|2201.2|2905.3|730659.1|0
V20|85|30|1827.9|-2519.8|807.3|749.1|325929.5|0
V21|85|28|2197.9|-2563|807.2|520.8|456821|0
V22|61|23|1477.3|-1673|578.8|451.2|233599|0
V23|97|35|2397.4|-2739.5|919.3|657.5|378000.1|0
V24|92|32|2211.3|-2647.6|871.2|826.7|439050.3|0
V25|124|45|2775.2|-4042|1170.8|1553.7|494740.9|0
V26|388|192|4414.8|-8152.3|3672.9|3901.4|781697.2|0
V27|165|64|2945.2|-4222.3|1560.4|1465.9|376519.7|0
V28|563|168|5402.9|-12085.9|5298.8|6788.9|1260349|0
V29|501|121|6285.8|-11738.4|4718.3|5684.7|1201910.4|0
V30|368|68|5375.7|-9315.8|3466.5|3994|1014948.6|0
V31|37|12|351.2|-905.8|350.4|626.9|50263.5|0
V32|192|68|3220.5|-5421.3|1815.5|2337.3|504899.4|0
